Dynamical matrix file
                                                                           
  1    2  0 11.0780329  0.0000000  0.0000000  0.0000000  0.0000000  0.0000000
Basis vectors
      1.000000000    0.000000000    0.000000000
      0.000000000    1.000000000    0.000000000
      0.500000000    0.500000000    0.269532635
           1  'Sn  '    108197.54598352207     
    1    1      1.0000000000      1.2500000000      0.2021494763
    2    1      0.5000000000      0.2500000000      0.0673831588

     Dynamical  Matrix in cartesian axes

     q = (    0.000000000   0.125000000   0.695648599 ) 

    1    1
  0.08846626  0.00000000    0.00000000  0.00000000    0.00000000  0.00000000
  0.00000000  0.00000000    0.07728014  0.00000000    0.00160151  0.00050013
  0.00000000  0.00000000    0.00160151 -0.00050013    0.10349146  0.00000000
    1    2
 -0.05178440 -0.05337499    0.00000000  0.00000000    0.00000000  0.00000000
  0.00000000  0.00000000    0.02361593 -0.05777161    0.01336216  0.00494425
  0.00000000  0.00000000    0.01336216  0.00494425    0.00496317  0.00058646
    2    1
 -0.05178440  0.05337499    0.00000000  0.00000000    0.00000000  0.00000000
  0.00000000  0.00000000    0.02361593  0.05777161    0.01336216 -0.00494425
  0.00000000  0.00000000    0.01336216 -0.00494425    0.00496317 -0.00058646
    2    2
  0.08846626  0.00000000    0.00000000  0.00000000    0.00000000  0.00000000
  0.00000000  0.00000000    0.07728014  0.00000000    0.00160151 -0.00050013
  0.00000000  0.00000000    0.00160151  0.00050013    0.10349146  0.00000000

     Dynamical  Matrix in cartesian axes

     q = (    0.000000000  -0.125000000   0.695648599 ) 

    1    1
  0.08846626  0.00000000    0.00000000  0.00000000    0.00000000  0.00000000
  0.00000000  0.00000000    0.07728014  0.00000000   -0.00160151 -0.00050013
  0.00000000  0.00000000   -0.00160151  0.00050013    0.10349146  0.00000000
    1    2
 -0.05337499  0.05178440    0.00000000  0.00000000    0.00000000  0.00000000
  0.00000000  0.00000000   -0.05777161 -0.02361593   -0.00494425  0.01336216
  0.00000000  0.00000000   -0.00494425  0.01336216    0.00058646 -0.00496317
    2    1
 -0.05337499 -0.05178440    0.00000000  0.00000000    0.00000000  0.00000000
  0.00000000  0.00000000   -0.05777161  0.02361593   -0.00494425 -0.01336216
  0.00000000  0.00000000   -0.00494425 -0.01336216    0.00058646  0.00496317
    2    2
  0.08846626  0.00000000    0.00000000  0.00000000    0.00000000  0.00000000
  0.00000000  0.00000000    0.07728014  0.00000000   -0.00160151  0.00050013
  0.00000000  0.00000000   -0.00160151 -0.00050013    0.10349146  0.00000000

     Dynamical  Matrix in cartesian axes

     q = (   -0.125000000   0.000000000   0.695648599 ) 

    1    1
  0.07728014  0.00000000    0.00000000  0.00000000   -0.00160151  0.00050013
  0.00000000  0.00000000    0.08846626  0.00000000    0.00000000  0.00000000
 -0.00160151 -0.00050013    0.00000000  0.00000000    0.10349146  0.00000000
    1    2
 -0.05777161  0.02361593    0.00000000  0.00000000   -0.00494425 -0.01336216
  0.00000000  0.00000000   -0.05337499 -0.05178440    0.00000000  0.00000000
 -0.00494425 -0.01336216    0.00000000  0.00000000    0.00058646  0.00496317
    2    1
 -0.05777161 -0.02361593    0.00000000  0.00000000   -0.00494425  0.01336216
  0.00000000  0.00000000   -0.05337499  0.05178440    0.00000000  0.00000000
 -0.00494425  0.01336216    0.00000000  0.00000000    0.00058646 -0.00496317
    2    2
  0.07728014  0.00000000    0.00000000  0.00000000   -0.00160151 -0.00050013
  0.00000000  0.00000000    0.08846626  0.00000000    0.00000000  0.00000000
 -0.00160151  0.00050013    0.00000000  0.00000000    0.10349146  0.00000000

     Dynamical  Matrix in cartesian axes

     q = (    0.000000000   0.125000000  -0.695648599 ) 

    1    1
  0.08846626  0.00000000    0.00000000  0.00000000    0.00000000  0.00000000
  0.00000000  0.00000000    0.07728014  0.00000000   -0.00160151  0.00050013
  0.00000000  0.00000000   -0.00160151 -0.00050013    0.10349146  0.00000000
    1    2
 -0.05337499 -0.05178440    0.00000000  0.00000000    0.00000000  0.00000000
  0.00000000  0.00000000   -0.05777161  0.02361593   -0.00494425 -0.01336216
  0.00000000  0.00000000   -0.00494425 -0.01336216    0.00058646  0.00496317
    2    1
 -0.05337499  0.05178440    0.00000000  0.00000000    0.00000000  0.00000000
  0.00000000  0.00000000   -0.05777161 -0.02361593   -0.00494425  0.01336216
  0.00000000  0.00000000   -0.00494425  0.01336216    0.00058646 -0.00496317
    2    2
  0.08846626  0.00000000    0.00000000  0.00000000    0.00000000  0.00000000
  0.00000000  0.00000000    0.07728014  0.00000000   -0.00160151 -0.00050013
  0.00000000  0.00000000   -0.00160151  0.00050013    0.10349146  0.00000000

     Dynamical  Matrix in cartesian axes

     q = (    0.000000000  -0.125000000  -0.695648599 ) 

    1    1
  0.08846626  0.00000000    0.00000000  0.00000000    0.00000000  0.00000000
  0.00000000  0.00000000    0.07728014  0.00000000    0.00160151 -0.00050013
  0.00000000  0.00000000    0.00160151  0.00050013    0.10349146  0.00000000
    1    2
 -0.05178440  0.05337499    0.00000000  0.00000000    0.00000000  0.00000000
  0.00000000  0.00000000    0.02361593  0.05777161    0.01336216 -0.00494425
  0.00000000  0.00000000    0.01336216 -0.00494425    0.00496317 -0.00058646
    2    1
 -0.05178440 -0.05337499    0.00000000  0.00000000    0.00000000  0.00000000
  0.00000000  0.00000000    0.02361593 -0.05777161    0.01336216  0.00494425
  0.00000000  0.00000000    0.01336216  0.00494425    0.00496317  0.00058646
    2    2
  0.08846626  0.00000000    0.00000000  0.00000000    0.00000000  0.00000000
  0.00000000  0.00000000    0.07728014  0.00000000    0.00160151  0.00050013
  0.00000000  0.00000000    0.00160151 -0.00050013    0.10349146  0.00000000

     Dynamical  Matrix in cartesian axes

     q = (   -0.125000000   0.000000000  -0.695648599 ) 

    1    1
  0.07728014  0.00000000    0.00000000  0.00000000    0.00160151  0.00050013
  0.00000000  0.00000000    0.08846626  0.00000000    0.00000000  0.00000000
  0.00160151 -0.00050013    0.00000000  0.00000000    0.10349146  0.00000000
    1    2
 -0.05754968  0.02415171    0.00000000  0.00000000   -0.00595236 -0.01294459
  0.00000000  0.00000000   -0.00112472  0.07435892    0.00000000  0.00000000
 -0.00595236 -0.01294459    0.00000000  0.00000000   -0.00309480 -0.00392418
    2    1
 -0.05754968 -0.02415171    0.00000000  0.00000000   -0.00595236  0.01294459
  0.00000000  0.00000000   -0.00112472 -0.07435892    0.00000000  0.00000000
 -0.00595236  0.01294459    0.00000000  0.00000000   -0.00309480  0.00392418
    2    2
  0.07728014  0.00000000    0.00000000  0.00000000    0.00160151 -0.00050013
  0.00000000  0.00000000    0.08846626  0.00000000    0.00000000  0.00000000
  0.00160151  0.00050013    0.00000000  0.00000000    0.10349146  0.00000000

     Dynamical  Matrix in cartesian axes

     q = (    0.125000000   0.000000000  -0.695648599 ) 

    1    1
  0.07728014  0.00000000    0.00000000  0.00000000   -0.00160151 -0.00050013
  0.00000000  0.00000000    0.08846626  0.00000000    0.00000000  0.00000000
 -0.00160151  0.00050013    0.00000000  0.00000000    0.10349146  0.00000000
    1    2
 -0.05777161 -0.02361593    0.00000000  0.00000000   -0.00494425  0.01336216
  0.00000000  0.00000000   -0.05337499  0.05178440    0.00000000  0.00000000
 -0.00494425  0.01336216    0.00000000  0.00000000    0.00058646 -0.00496317
    2    1
 -0.05777161  0.02361593    0.00000000  0.00000000   -0.00494425 -0.01336216
  0.00000000  0.00000000   -0.05337499 -0.05178440    0.00000000  0.00000000
 -0.00494425 -0.01336216    0.00000000  0.00000000    0.00058646  0.00496317
    2    2
  0.07728014  0.00000000    0.00000000  0.00000000   -0.00160151  0.00050013
  0.00000000  0.00000000    0.08846626  0.00000000    0.00000000  0.00000000
 -0.00160151 -0.00050013    0.00000000  0.00000000    0.10349146  0.00000000

     Dynamical  Matrix in cartesian axes

     q = (    0.125000000   0.000000000   0.695648599 ) 

    1    1
  0.07728014  0.00000000    0.00000000  0.00000000    0.00160151 -0.00050013
  0.00000000  0.00000000    0.08846626  0.00000000    0.00000000  0.00000000
  0.00160151  0.00050013    0.00000000  0.00000000    0.10349146  0.00000000
    1    2
 -0.05754968 -0.02415171    0.00000000  0.00000000   -0.00595236  0.01294459
  0.00000000  0.00000000   -0.00112472 -0.07435892    0.00000000  0.00000000
 -0.00595236  0.01294459    0.00000000  0.00000000   -0.00309480  0.00392418
    2    1
 -0.05754968  0.02415171    0.00000000  0.00000000   -0.00595236 -0.01294459
  0.00000000  0.00000000   -0.00112472  0.07435892    0.00000000  0.00000000
 -0.00595236 -0.01294459    0.00000000  0.00000000   -0.00309480 -0.00392418
    2    2
  0.07728014  0.00000000    0.00000000  0.00000000    0.00160151  0.00050013
  0.00000000  0.00000000    0.08846626  0.00000000    0.00000000  0.00000000
  0.00160151 -0.00050013    0.00000000  0.00000000    0.10349146  0.00000000

     Diagonalizing the dynamical matrix

     q = (    0.000000000   0.125000000   0.695648599 ) 

 **************************************************************************
     freq (    1) =       1.118742 [THz] =      37.317221 [cm-1]
 (  0.000000  0.000000 -0.639654 -0.280050  0.047808 -0.100643 ) 
 (  0.000000 -0.000000 -0.021501  0.697942  0.111421  0.000000 ) 
     freq (    2) =       1.187567 [THz] =      39.612957 [cm-1]
 ( -0.588655 -0.391771 -0.000000 -0.000000  0.000000 -0.000000 ) 
 ( -0.691082  0.149687 -0.000000  0.000000  0.000000 -0.000000 ) 
     freq (    3) =       3.101208 [THz] =     103.445172 [cm-1]
 (  0.000000 -0.000000  0.112233  0.155581  0.614862 -0.291793 ) 
 (  0.000000  0.000000 -0.034691  0.188675 -0.680587  0.000000 ) 
     freq (    4) =       3.292507 [THz] =     109.826213 [cm-1]
 (  0.000000 -0.000000 -0.010490  0.173429  0.588333 -0.351677 ) 
 (  0.000000  0.000000 -0.097986 -0.143479  0.685429  0.000000 ) 
     freq (    5) =       3.802063 [THz] =     126.823185 [cm-1]
 ( -0.000000 -0.000000  0.662831  0.077978  0.042292  0.229752 ) 
 (  0.000000 -0.000000  0.196685  0.637762  0.233612  0.000000 ) 
     freq (    6) =       4.035882 [THz] =     134.622533 [cm-1]
 ( -0.681364 -0.189059 -0.000000 -0.000000  0.000000  0.000000 ) 
 (  0.610147 -0.357381 -0.000000 -0.000000 -0.000000  0.000000 ) 
 **************************************************************************
