Dynamical matrix file
                                                                           
  1    2  0 11.0780329  0.0000000  0.0000000  0.0000000  0.0000000  0.0000000
Basis vectors
      1.000000000    0.000000000    0.000000000
      0.000000000    1.000000000    0.000000000
      0.500000000    0.500000000    0.269532635
           1  'Sn  '    108197.54598352207     
    1    1      1.0000000000      1.2500000000      0.2021494763
    2    1      0.5000000000      0.2500000000      0.0673831588

     Dynamical  Matrix in cartesian axes

     q = (    0.000000000   0.375000000  -2.086945798 ) 

    1    1
  0.09416635  0.00000000    0.00000000  0.00000000    0.00000000  0.00000000
  0.00000000  0.00000000    0.09579337  0.00000000   -0.00204665 -0.00376431
  0.00000000  0.00000000   -0.00204665  0.00376431    0.03262895  0.00000000
    1    2
  0.05781683 -0.06393493    0.00000000  0.00000000    0.00000000  0.00000000
  0.00000000  0.00000000   -0.01346710  0.03395472   -0.01997426 -0.00246259
  0.00000000  0.00000000   -0.01997426 -0.00246259   -0.00338139 -0.00602870
    2    1
  0.05781683  0.06393493    0.00000000  0.00000000    0.00000000  0.00000000
  0.00000000  0.00000000   -0.01346710 -0.03395472   -0.01997426  0.00246259
  0.00000000  0.00000000   -0.01997426  0.00246259   -0.00338139  0.00602870
    2    2
  0.09416635  0.00000000    0.00000000  0.00000000    0.00000000  0.00000000
  0.00000000  0.00000000    0.09579337  0.00000000   -0.00204665  0.00376431
  0.00000000  0.00000000   -0.00204665 -0.00376431    0.03262895  0.00000000

     Dynamical  Matrix in cartesian axes

     q = (    0.000000000  -0.375000000  -2.086945798 ) 

    1    1
  0.09416635  0.00000000    0.00000000  0.00000000    0.00000000  0.00000000
  0.00000000  0.00000000    0.09579337  0.00000000    0.00204665  0.00376431
  0.00000000  0.00000000    0.00204665 -0.00376431    0.03262895  0.00000000
    1    2
  0.06393493  0.05781683    0.00000000  0.00000000    0.00000000  0.00000000
  0.00000000  0.00000000   -0.03395472 -0.01346710   -0.00246259  0.01997426
  0.00000000  0.00000000   -0.00246259  0.01997426    0.00602870 -0.00338139
    2    1
  0.06393493 -0.05781683    0.00000000  0.00000000    0.00000000  0.00000000
  0.00000000  0.00000000   -0.03395472  0.01346710   -0.00246259 -0.01997426
  0.00000000  0.00000000   -0.00246259 -0.01997426    0.00602870  0.00338139
    2    2
  0.09416635  0.00000000    0.00000000  0.00000000    0.00000000  0.00000000
  0.00000000  0.00000000    0.09579337  0.00000000    0.00204665 -0.00376431
  0.00000000  0.00000000    0.00204665  0.00376431    0.03262895  0.00000000

     Dynamical  Matrix in cartesian axes

     q = (   -0.375000000   0.000000000  -2.086945798 ) 

    1    1
  0.09579337  0.00000000    0.00000000  0.00000000    0.00204665 -0.00376431
  0.00000000  0.00000000    0.09416635  0.00000000    0.00000000  0.00000000
  0.00204665  0.00376431    0.00000000  0.00000000    0.03262895  0.00000000
    1    2
 -0.01448693  0.03353229    0.00000000  0.00000000   -0.01586525 -0.01238262
  0.00000000  0.00000000    0.00432614 -0.08609150    0.00000000  0.00000000
 -0.01586525 -0.01238262    0.00000000  0.00000000    0.00665394 -0.00187193
    2    1
 -0.01448693 -0.03353229    0.00000000  0.00000000   -0.01586525  0.01238262
  0.00000000  0.00000000    0.00432614  0.08609150    0.00000000  0.00000000
 -0.01586525  0.01238262    0.00000000  0.00000000    0.00665394  0.00187193
    2    2
  0.09579337  0.00000000    0.00000000  0.00000000    0.00204665  0.00376431
  0.00000000  0.00000000    0.09416635  0.00000000    0.00000000  0.00000000
  0.00204665 -0.00376431    0.00000000  0.00000000    0.03262895  0.00000000

     Dynamical  Matrix in cartesian axes

     q = (    0.000000000   0.375000000   2.086945798 ) 

    1    1
  0.09416635  0.00000000    0.00000000  0.00000000    0.00000000  0.00000000
  0.00000000  0.00000000    0.09579337  0.00000000    0.00204665 -0.00376431
  0.00000000  0.00000000    0.00204665  0.00376431    0.03262895  0.00000000
    1    2
  0.06393493 -0.05781683    0.00000000  0.00000000    0.00000000  0.00000000
  0.00000000  0.00000000   -0.03395472  0.01346710   -0.00246259 -0.01997426
  0.00000000  0.00000000   -0.00246259 -0.01997426    0.00602870  0.00338139
    2    1
  0.06393493  0.05781683    0.00000000  0.00000000    0.00000000  0.00000000
  0.00000000  0.00000000   -0.03395472 -0.01346710   -0.00246259  0.01997426
  0.00000000  0.00000000   -0.00246259  0.01997426    0.00602870 -0.00338139
    2    2
  0.09416635  0.00000000    0.00000000  0.00000000    0.00000000  0.00000000
  0.00000000  0.00000000    0.09579337  0.00000000    0.00204665  0.00376431
  0.00000000  0.00000000    0.00204665 -0.00376431    0.03262895  0.00000000

     Dynamical  Matrix in cartesian axes

     q = (    0.000000000  -0.375000000   2.086945798 ) 

    1    1
  0.09416635  0.00000000    0.00000000  0.00000000    0.00000000  0.00000000
  0.00000000  0.00000000    0.09579337  0.00000000   -0.00204665  0.00376431
  0.00000000  0.00000000   -0.00204665 -0.00376431    0.03262895  0.00000000
    1    2
  0.05781683  0.06393493    0.00000000  0.00000000    0.00000000  0.00000000
  0.00000000  0.00000000   -0.01346710 -0.03395472   -0.01997426  0.00246259
  0.00000000  0.00000000   -0.01997426  0.00246259   -0.00338139  0.00602870
    2    1
  0.05781683 -0.06393493    0.00000000  0.00000000    0.00000000  0.00000000
  0.00000000  0.00000000   -0.01346710  0.03395472   -0.01997426 -0.00246259
  0.00000000  0.00000000   -0.01997426 -0.00246259   -0.00338139 -0.00602870
    2    2
  0.09416635  0.00000000    0.00000000  0.00000000    0.00000000  0.00000000
  0.00000000  0.00000000    0.09579337  0.00000000   -0.00204665 -0.00376431
  0.00000000  0.00000000   -0.00204665  0.00376431    0.03262895  0.00000000

     Dynamical  Matrix in cartesian axes

     q = (   -0.375000000   0.000000000   2.086945798 ) 

    1    1
  0.09579337  0.00000000    0.00000000  0.00000000   -0.00204665 -0.00376431
  0.00000000  0.00000000    0.09416635  0.00000000    0.00000000  0.00000000
 -0.00204665  0.00376431    0.00000000  0.00000000    0.03262895  0.00000000
    1    2
 -0.01346710  0.03395472    0.00000000  0.00000000   -0.01997426 -0.00246259
  0.00000000  0.00000000    0.05781683 -0.06393493    0.00000000  0.00000000
 -0.01997426 -0.00246259    0.00000000  0.00000000   -0.00338139 -0.00602870
    2    1
 -0.01346710 -0.03395472    0.00000000  0.00000000   -0.01997426  0.00246259
  0.00000000  0.00000000    0.05781683  0.06393493    0.00000000  0.00000000
 -0.01997426  0.00246259    0.00000000  0.00000000   -0.00338139  0.00602870
    2    2
  0.09579337  0.00000000    0.00000000  0.00000000   -0.00204665  0.00376431
  0.00000000  0.00000000    0.09416635  0.00000000    0.00000000  0.00000000
 -0.00204665 -0.00376431    0.00000000  0.00000000    0.03262895  0.00000000

     Dynamical  Matrix in cartesian axes

     q = (    0.375000000   0.000000000   2.086945798 ) 

    1    1
  0.09579337  0.00000000    0.00000000  0.00000000    0.00204665  0.00376431
  0.00000000  0.00000000    0.09416635  0.00000000    0.00000000  0.00000000
  0.00204665 -0.00376431    0.00000000  0.00000000    0.03262895  0.00000000
    1    2
 -0.01448693 -0.03353229    0.00000000  0.00000000   -0.01586525  0.01238262
  0.00000000  0.00000000    0.00432614  0.08609150    0.00000000  0.00000000
 -0.01586525  0.01238262    0.00000000  0.00000000    0.00665394  0.00187193
    2    1
 -0.01448693  0.03353229    0.00000000  0.00000000   -0.01586525 -0.01238262
  0.00000000  0.00000000    0.00432614 -0.08609150    0.00000000  0.00000000
 -0.01586525 -0.01238262    0.00000000  0.00000000    0.00665394 -0.00187193
    2    2
  0.09579337  0.00000000    0.00000000  0.00000000    0.00204665 -0.00376431
  0.00000000  0.00000000    0.09416635  0.00000000    0.00000000  0.00000000
  0.00204665  0.00376431    0.00000000  0.00000000    0.03262895  0.00000000

     Dynamical  Matrix in cartesian axes

     q = (    0.375000000   0.000000000  -2.086945798 ) 

    1    1
  0.09579337  0.00000000    0.00000000  0.00000000   -0.00204665  0.00376431
  0.00000000  0.00000000    0.09416635  0.00000000    0.00000000  0.00000000
 -0.00204665 -0.00376431    0.00000000  0.00000000    0.03262895  0.00000000
    1    2
 -0.01346710 -0.03395472    0.00000000  0.00000000   -0.01997426  0.00246259
  0.00000000  0.00000000    0.05781683  0.06393493    0.00000000  0.00000000
 -0.01997426  0.00246259    0.00000000  0.00000000   -0.00338139  0.00602870
    2    1
 -0.01346710  0.03395472    0.00000000  0.00000000   -0.01997426 -0.00246259
  0.00000000  0.00000000    0.05781683 -0.06393493    0.00000000  0.00000000
 -0.01997426 -0.00246259    0.00000000  0.00000000   -0.00338139 -0.00602870
    2    2
  0.09579337  0.00000000    0.00000000  0.00000000   -0.00204665 -0.00376431
  0.00000000  0.00000000    0.09416635  0.00000000    0.00000000  0.00000000
 -0.00204665  0.00376431    0.00000000  0.00000000    0.03262895  0.00000000

     Diagonalizing the dynamical matrix

     q = (    0.000000000   0.375000000  -2.086945798 ) 

 **************************************************************************
     freq (    1) =       0.892674 [THz] =      29.776388 [cm-1]
 ( -0.428151 -0.562749  0.000000 -0.000000  0.000000  0.000000 ) 
 ( -0.130220  0.695013  0.000000  0.000000  0.000000  0.000000 ) 
     freq (    2) =       1.340367 [THz] =      44.709832 [cm-1]
 ( -0.000000 -0.000000 -0.275215 -0.012084 -0.398904 -0.514768 ) 
 (  0.000000  0.000000 -0.178130 -0.210141 -0.651238  0.000000 ) 
     freq (    3) =       1.859126 [THz] =      62.013759 [cm-1]
 ( -0.000000 -0.000000  0.157400  0.020260 -0.413901 -0.550909 ) 
 (  0.000000  0.000000 -0.110743 -0.113671  0.689068  0.000000 ) 
     freq (    4) =       2.578674 [THz] =      86.015302 [cm-1]
 (  0.000000 -0.000000 -0.652181  0.003943  0.087034  0.258979 ) 
 ( -0.000000 -0.000000 -0.204020 -0.619460  0.273212  0.000000 ) 
     freq (    5) =       3.713465 [THz] =     123.867850 [cm-1]
 ( -0.000000  0.000000 -0.673584 -0.140906  0.010121 -0.162257 ) 
 ( -0.000000  0.000000  0.098698  0.681050  0.162572  0.000000 ) 
     freq (    6) =       4.247606 [THz] =     141.684890 [cm-1]
 (  0.178236 -0.684275 -0.000000 -0.000000  0.000000  0.000000 ) 
 (  0.627077 -0.326764  0.000000  0.000000  0.000000 -0.000000 ) 
 **************************************************************************
