Dynamical matrix file
                                                                           
  1    2  0 11.0780329  0.0000000  0.0000000  0.0000000  0.0000000  0.0000000
Basis vectors
      1.000000000    0.000000000    0.000000000
      0.000000000    1.000000000    0.000000000
      0.500000000    0.500000000    0.269532635
           1  'Sn  '    108197.54598352207     
    1    1      1.0000000000      1.2500000000      0.2021494763
    2    1      0.5000000000      0.2500000000      0.0673831588

     Dynamical  Matrix in cartesian axes

     q = (    0.125000000   0.375000000  -0.927531466 ) 

    1    1
  0.08240718  0.00000000   -0.00412240  0.00060988   -0.00963408  0.00273348
 -0.00412240 -0.00060988    0.07326319  0.00000000   -0.00379019  0.00097183
 -0.00963408 -0.00273348   -0.00379019 -0.00097183    0.09233649 -0.00000000
    1    2
  0.04609483 -0.02080196   -0.00109222  0.00204051   -0.00596888 -0.00967252
 -0.00109222  0.00204051   -0.00392179 -0.00833597    0.02303030 -0.01012489
 -0.00596888 -0.00967252    0.02303030 -0.01012489   -0.00903073  0.01418075
    2    1
  0.04609483  0.02080196   -0.00109222 -0.00204051   -0.00596888  0.00967252
 -0.00109222 -0.00204051   -0.00392179  0.00833597    0.02303030  0.01012489
 -0.00596888  0.00967252    0.02303030  0.01012489   -0.00903073 -0.01418075
    2    2
  0.08240718  0.00000000   -0.00412240 -0.00060988   -0.00963408 -0.00273348
 -0.00412240  0.00060988    0.07326319  0.00000000   -0.00379019 -0.00097183
 -0.00963408  0.00273348   -0.00379019  0.00097183    0.09233649  0.00000000

     Dynamical  Matrix in cartesian axes

     q = (    0.375000000   0.125000000  -0.927531466 ) 

    1    1
  0.07326319  0.00000000   -0.00412240  0.00060988   -0.00379019 -0.00097183
 -0.00412240 -0.00060988    0.08240718  0.00000000   -0.00963408 -0.00273348
 -0.00379019  0.00097183   -0.00963408  0.00273348    0.09233649  0.00000000
    1    2
  0.00392179 -0.00833597    0.00109222  0.00204051   -0.02303030 -0.01012489
  0.00109222  0.00204051   -0.04609483 -0.02080196    0.00596888 -0.00967252
 -0.02303030 -0.01012489    0.00596888 -0.00967252    0.00903073  0.01418075
    2    1
  0.00392179  0.00833597    0.00109222 -0.00204051   -0.02303030  0.01012489
  0.00109222 -0.00204051   -0.04609483  0.02080196    0.00596888  0.00967252
 -0.02303030  0.01012489    0.00596888  0.00967252    0.00903073 -0.01418075
    2    2
  0.07326319  0.00000000   -0.00412240 -0.00060988   -0.00379019  0.00097183
 -0.00412240  0.00060988    0.08240718  0.00000000   -0.00963408  0.00273348
 -0.00379019 -0.00097183   -0.00963408 -0.00273348    0.09233649 -0.00000000

     Dynamical  Matrix in cartesian axes

     q = (   -0.125000000  -0.375000000  -0.927531466 ) 

    1    1
  0.08240718  0.00000000   -0.00412240  0.00060988    0.00963408 -0.00273348
 -0.00412240 -0.00060988    0.07326319  0.00000000    0.00379019 -0.00097183
  0.00963408  0.00273348    0.00379019  0.00097183    0.09233649 -0.00000000
    1    2
  0.04730317  0.01788476   -0.00221518  0.00067054   -0.00261887  0.01106014
 -0.00221518  0.00067054    0.00312130 -0.00866754   -0.02344426 -0.00912550
 -0.00261887  0.01106014   -0.02344426 -0.00912550   -0.01641300  0.00364162
    2    1
  0.04730317 -0.01788476   -0.00221518 -0.00067054   -0.00261887 -0.01106014
 -0.00221518 -0.00067054    0.00312130  0.00866754   -0.02344426  0.00912550
 -0.00261887 -0.01106014   -0.02344426  0.00912550   -0.01641300 -0.00364162
    2    2
  0.08240718  0.00000000   -0.00412240 -0.00060988    0.00963408  0.00273348
 -0.00412240  0.00060988    0.07326319  0.00000000    0.00379019  0.00097183
  0.00963408 -0.00273348    0.00379019 -0.00097183    0.09233649  0.00000000

     Dynamical  Matrix in cartesian axes

     q = (   -0.375000000  -0.125000000  -0.927531466 ) 

    1    1
  0.07326319  0.00000000   -0.00412240  0.00060988    0.00379019  0.00097183
 -0.00412240 -0.00060988    0.08240718  0.00000000    0.00963408  0.00273348
  0.00379019 -0.00097183    0.00963408 -0.00273348    0.09233649  0.00000000
    1    2
  0.00312130  0.00866754   -0.00221518 -0.00067054   -0.02344426  0.00912550
 -0.00221518 -0.00067054    0.04730317 -0.01788476   -0.00261887 -0.01106014
 -0.02344426  0.00912550   -0.00261887 -0.01106014   -0.01641300 -0.00364162
    2    1
  0.00312130 -0.00866754   -0.00221518  0.00067054   -0.02344426 -0.00912550
 -0.00221518  0.00067054    0.04730317  0.01788476   -0.00261887  0.01106014
 -0.02344426 -0.00912550   -0.00261887  0.01106014   -0.01641300  0.00364162
    2    2
  0.07326319  0.00000000   -0.00412240 -0.00060988    0.00379019 -0.00097183
 -0.00412240  0.00060988    0.08240718  0.00000000    0.00963408 -0.00273348
  0.00379019  0.00097183    0.00963408  0.00273348    0.09233649 -0.00000000

     Dynamical  Matrix in cartesian axes

     q = (   -0.125000000   0.375000000   0.927531466 ) 

    1    1
  0.08240718  0.00000000    0.00412240  0.00060988   -0.00963408 -0.00273348
  0.00412240 -0.00060988    0.07326319  0.00000000    0.00379019  0.00097183
 -0.00963408  0.00273348    0.00379019 -0.00097183    0.09233649  0.00000000
    1    2
  0.02080196 -0.04609483    0.00204051 -0.00109222    0.00967252  0.00596888
  0.00204051 -0.00109222    0.00833597  0.00392179   -0.01012489  0.02303030
  0.00967252  0.00596888   -0.01012489  0.02303030   -0.01418075  0.00903073
    2    1
  0.02080196  0.04609483    0.00204051  0.00109222    0.00967252 -0.00596888
  0.00204051  0.00109222    0.00833597 -0.00392179   -0.01012489 -0.02303030
  0.00967252 -0.00596888   -0.01012489 -0.02303030   -0.01418075 -0.00903073
    2    2
  0.08240718  0.00000000    0.00412240 -0.00060988   -0.00963408  0.00273348
  0.00412240  0.00060988    0.07326319  0.00000000    0.00379019 -0.00097183
 -0.00963408 -0.00273348    0.00379019  0.00097183    0.09233649 -0.00000000

     Dynamical  Matrix in cartesian axes

     q = (    0.125000000  -0.375000000   0.927531466 ) 

    1    1
  0.08240718  0.00000000    0.00412240  0.00060988    0.00963408  0.00273348
  0.00412240 -0.00060988    0.07326319  0.00000000   -0.00379019 -0.00097183
  0.00963408 -0.00273348   -0.00379019  0.00097183    0.09233649  0.00000000
    1    2
  0.01788476  0.04730317   -0.00067054  0.00221518    0.01106014 -0.00261887
 -0.00067054  0.00221518   -0.00866754  0.00312130    0.00912550  0.02344426
  0.01106014 -0.00261887    0.00912550  0.02344426    0.00364162 -0.01641300
    2    1
  0.01788476 -0.04730317   -0.00067054 -0.00221518    0.01106014  0.00261887
 -0.00067054 -0.00221518   -0.00866754 -0.00312130    0.00912550 -0.02344426
  0.01106014  0.00261887    0.00912550 -0.02344426    0.00364162  0.01641300
    2    2
  0.08240718  0.00000000    0.00412240 -0.00060988    0.00963408 -0.00273348
  0.00412240  0.00060988    0.07326319  0.00000000   -0.00379019  0.00097183
  0.00963408  0.00273348   -0.00379019 -0.00097183    0.09233649 -0.00000000

     Dynamical  Matrix in cartesian axes

     q = (   -0.375000000   0.125000000   0.927531466 ) 

    1    1
  0.07326319  0.00000000    0.00412240  0.00060988   -0.00379019  0.00097183
  0.00412240 -0.00060988    0.08240718  0.00000000    0.00963408 -0.00273348
 -0.00379019 -0.00097183    0.00963408  0.00273348    0.09233649 -0.00000000
    1    2
 -0.00833597  0.00392179   -0.00204051 -0.00109222   -0.01012489 -0.02303030
 -0.00204051 -0.00109222   -0.02080196 -0.04609483    0.00967252 -0.00596888
 -0.01012489 -0.02303030    0.00967252 -0.00596888    0.01418075  0.00903073
    2    1
 -0.00833597 -0.00392179   -0.00204051  0.00109222   -0.01012489  0.02303030
 -0.00204051  0.00109222   -0.02080196  0.04609483    0.00967252  0.00596888
 -0.01012489  0.02303030    0.00967252  0.00596888    0.01418075 -0.00903073
    2    2
  0.07326319  0.00000000    0.00412240 -0.00060988   -0.00379019 -0.00097183
  0.00412240  0.00060988    0.08240718  0.00000000    0.00963408  0.00273348
 -0.00379019  0.00097183    0.00963408 -0.00273348    0.09233649  0.00000000

     Dynamical  Matrix in cartesian axes

     q = (    0.375000000  -0.125000000   0.927531466 ) 

    1    1
  0.07326319  0.00000000    0.00412240  0.00060988    0.00379019 -0.00097183
  0.00412240 -0.00060988    0.08240718  0.00000000   -0.00963408  0.00273348
  0.00379019  0.00097183   -0.00963408 -0.00273348    0.09233649 -0.00000000
    1    2
 -0.00866754 -0.00312130   -0.00067054 -0.00221518   -0.00912550  0.02344426
 -0.00067054 -0.00221518    0.01788476 -0.04730317   -0.01106014 -0.00261887
 -0.00912550  0.02344426   -0.01106014 -0.00261887    0.00364162  0.01641300
    2    1
 -0.00866754  0.00312130   -0.00067054  0.00221518   -0.00912550 -0.02344426
 -0.00067054  0.00221518    0.01788476  0.04730317   -0.01106014  0.00261887
 -0.00912550 -0.02344426   -0.01106014  0.00261887    0.00364162 -0.01641300
    2    2
  0.07326319  0.00000000    0.00412240 -0.00060988    0.00379019  0.00097183
  0.00412240  0.00060988    0.08240718  0.00000000   -0.00963408 -0.00273348
  0.00379019 -0.00097183   -0.00963408  0.00273348    0.09233649  0.00000000

     Dynamical  Matrix in cartesian axes

     q = (    0.125000000  -0.375000000  -0.927531466 ) 

    1    1
  0.08240718  0.00000000    0.00412240 -0.00060988   -0.00963408  0.00273348
  0.00412240  0.00060988    0.07326319  0.00000000    0.00379019 -0.00097183
 -0.00963408 -0.00273348    0.00379019  0.00097183    0.09233649 -0.00000000
    1    2
  0.02080196  0.04609483    0.00204051  0.00109222    0.00967252 -0.00596888
  0.00204051  0.00109222    0.00833597 -0.00392179   -0.01012489 -0.02303030
  0.00967252 -0.00596888   -0.01012489 -0.02303030   -0.01418075 -0.00903073
    2    1
  0.02080196 -0.04609483    0.00204051 -0.00109222    0.00967252  0.00596888
  0.00204051 -0.00109222    0.00833597  0.00392179   -0.01012489  0.02303030
  0.00967252  0.00596888   -0.01012489  0.02303030   -0.01418075  0.00903073
    2    2
  0.08240718  0.00000000    0.00412240  0.00060988   -0.00963408 -0.00273348
  0.00412240 -0.00060988    0.07326319  0.00000000    0.00379019  0.00097183
 -0.00963408  0.00273348    0.00379019 -0.00097183    0.09233649  0.00000000

     Dynamical  Matrix in cartesian axes

     q = (    0.375000000  -0.125000000  -0.927531466 ) 

    1    1
  0.07326319  0.00000000    0.00412240 -0.00060988   -0.00379019 -0.00097183
  0.00412240  0.00060988    0.08240718  0.00000000    0.00963408  0.00273348
 -0.00379019  0.00097183    0.00963408 -0.00273348    0.09233649  0.00000000
    1    2
 -0.00833597 -0.00392179   -0.00204051  0.00109222   -0.01012489  0.02303030
 -0.00204051  0.00109222   -0.02080196  0.04609483    0.00967252  0.00596888
 -0.01012489  0.02303030    0.00967252  0.00596888    0.01418075 -0.00903073
    2    1
 -0.00833597  0.00392179   -0.00204051 -0.00109222   -0.01012489 -0.02303030
 -0.00204051 -0.00109222   -0.02080196 -0.04609483    0.00967252 -0.00596888
 -0.01012489 -0.02303030    0.00967252 -0.00596888    0.01418075  0.00903073
    2    2
  0.07326319  0.00000000    0.00412240  0.00060988   -0.00379019  0.00097183
  0.00412240 -0.00060988    0.08240718  0.00000000    0.00963408 -0.00273348
 -0.00379019 -0.00097183    0.00963408  0.00273348    0.09233649 -0.00000000

     Dynamical  Matrix in cartesian axes

     q = (    0.375000000   0.125000000   0.927531466 ) 

    1    1
  0.07326319  0.00000000   -0.00412240 -0.00060988    0.00379019 -0.00097183
 -0.00412240  0.00060988    0.08240718  0.00000000    0.00963408 -0.00273348
  0.00379019  0.00097183    0.00963408  0.00273348    0.09233649 -0.00000000
    1    2
  0.00312130 -0.00866754   -0.00221518  0.00067054   -0.02344426 -0.00912550
 -0.00221518  0.00067054    0.04730317  0.01788476   -0.00261887  0.01106014
 -0.02344426 -0.00912550   -0.00261887  0.01106014   -0.01641300  0.00364162
    2    1
  0.00312130  0.00866754   -0.00221518 -0.00067054   -0.02344426  0.00912550
 -0.00221518 -0.00067054    0.04730317 -0.01788476   -0.00261887 -0.01106014
 -0.02344426  0.00912550   -0.00261887 -0.01106014   -0.01641300 -0.00364162
    2    2
  0.07326319  0.00000000   -0.00412240  0.00060988    0.00379019  0.00097183
 -0.00412240 -0.00060988    0.08240718  0.00000000    0.00963408  0.00273348
  0.00379019 -0.00097183    0.00963408 -0.00273348    0.09233649  0.00000000

     Dynamical  Matrix in cartesian axes

     q = (   -0.125000000   0.375000000  -0.927531466 ) 

    1    1
  0.08240718  0.00000000    0.00412240 -0.00060988    0.00963408 -0.00273348
  0.00412240  0.00060988    0.07326319  0.00000000   -0.00379019  0.00097183
  0.00963408  0.00273348   -0.00379019 -0.00097183    0.09233649 -0.00000000
    1    2
  0.01788476 -0.04730317   -0.00067054 -0.00221518    0.01106014  0.00261887
 -0.00067054 -0.00221518   -0.00866754 -0.00312130    0.00912550 -0.02344426
  0.01106014  0.00261887    0.00912550 -0.02344426    0.00364162  0.01641300
    2    1
  0.01788476  0.04730317   -0.00067054  0.00221518    0.01106014 -0.00261887
 -0.00067054  0.00221518   -0.00866754  0.00312130    0.00912550  0.02344426
  0.01106014 -0.00261887    0.00912550  0.02344426    0.00364162 -0.01641300
    2    2
  0.08240718  0.00000000    0.00412240  0.00060988    0.00963408  0.00273348
  0.00412240 -0.00060988    0.07326319  0.00000000   -0.00379019 -0.00097183
  0.00963408 -0.00273348   -0.00379019  0.00097183    0.09233649  0.00000000

     Dynamical  Matrix in cartesian axes

     q = (   -0.375000000   0.125000000  -0.927531466 ) 

    1    1
  0.07326319  0.00000000    0.00412240 -0.00060988    0.00379019  0.00097183
  0.00412240  0.00060988    0.08240718  0.00000000   -0.00963408 -0.00273348
  0.00379019 -0.00097183   -0.00963408  0.00273348    0.09233649  0.00000000
    1    2
 -0.00866754  0.00312130   -0.00067054  0.00221518   -0.00912550 -0.02344426
 -0.00067054  0.00221518    0.01788476  0.04730317   -0.01106014  0.00261887
 -0.00912550 -0.02344426   -0.01106014  0.00261887    0.00364162 -0.01641300
    2    1
 -0.00866754 -0.00312130   -0.00067054 -0.00221518   -0.00912550  0.02344426
 -0.00067054 -0.00221518    0.01788476 -0.04730317   -0.01106014 -0.00261887
 -0.00912550  0.02344426   -0.01106014 -0.00261887    0.00364162  0.01641300
    2    2
  0.07326319  0.00000000    0.00412240  0.00060988    0.00379019 -0.00097183
  0.00412240 -0.00060988    0.08240718  0.00000000   -0.00963408  0.00273348
  0.00379019  0.00097183   -0.00963408 -0.00273348    0.09233649 -0.00000000

     Dynamical  Matrix in cartesian axes

     q = (    0.125000000   0.375000000   0.927531466 ) 

    1    1
  0.08240718  0.00000000   -0.00412240 -0.00060988    0.00963408  0.00273348
 -0.00412240  0.00060988    0.07326319  0.00000000    0.00379019  0.00097183
  0.00963408 -0.00273348    0.00379019 -0.00097183    0.09233649  0.00000000
    1    2
  0.04730317 -0.01788476   -0.00221518 -0.00067054   -0.00261887 -0.01106014
 -0.00221518 -0.00067054    0.00312130  0.00866754   -0.02344426  0.00912550
 -0.00261887 -0.01106014   -0.02344426  0.00912550   -0.01641300 -0.00364162
    2    1
  0.04730317  0.01788476   -0.00221518  0.00067054   -0.00261887  0.01106014
 -0.00221518  0.00067054    0.00312130 -0.00866754   -0.02344426 -0.00912550
 -0.00261887  0.01106014   -0.02344426 -0.00912550   -0.01641300  0.00364162
    2    2
  0.08240718  0.00000000   -0.00412240  0.00060988    0.00963408 -0.00273348
 -0.00412240 -0.00060988    0.07326319  0.00000000    0.00379019 -0.00097183
  0.00963408  0.00273348    0.00379019  0.00097183    0.09233649 -0.00000000

     Dynamical  Matrix in cartesian axes

     q = (   -0.125000000  -0.375000000   0.927531466 ) 

    1    1
  0.08240718  0.00000000   -0.00412240 -0.00060988   -0.00963408 -0.00273348
 -0.00412240  0.00060988    0.07326319  0.00000000   -0.00379019 -0.00097183
 -0.00963408  0.00273348   -0.00379019  0.00097183    0.09233649  0.00000000
    1    2
  0.04609483  0.02080196   -0.00109222 -0.00204051   -0.00596888  0.00967252
 -0.00109222 -0.00204051   -0.00392179  0.00833597    0.02303030  0.01012489
 -0.00596888  0.00967252    0.02303030  0.01012489   -0.00903073 -0.01418075
    2    1
  0.04609483 -0.02080196   -0.00109222  0.00204051   -0.00596888 -0.00967252
 -0.00109222  0.00204051   -0.00392179 -0.00833597    0.02303030 -0.01012489
 -0.00596888 -0.00967252    0.02303030 -0.01012489   -0.00903073  0.01418075
    2    2
  0.08240718  0.00000000   -0.00412240  0.00060988   -0.00963408  0.00273348
 -0.00412240 -0.00060988    0.07326319  0.00000000   -0.00379019  0.00097183
 -0.00963408 -0.00273348   -0.00379019 -0.00097183    0.09233649 -0.00000000

     Dynamical  Matrix in cartesian axes

     q = (   -0.375000000  -0.125000000   0.927531466 ) 

    1    1
  0.07326319  0.00000000   -0.00412240 -0.00060988   -0.00379019  0.00097183
 -0.00412240  0.00060988    0.08240718  0.00000000   -0.00963408  0.00273348
 -0.00379019 -0.00097183   -0.00963408 -0.00273348    0.09233649 -0.00000000
    1    2
  0.00392179  0.00833597    0.00109222 -0.00204051   -0.02303030  0.01012489
  0.00109222 -0.00204051   -0.04609483  0.02080196    0.00596888  0.00967252
 -0.02303030  0.01012489    0.00596888  0.00967252    0.00903073 -0.01418075
    2    1
  0.00392179 -0.00833597    0.00109222  0.00204051   -0.02303030 -0.01012489
  0.00109222  0.00204051   -0.04609483 -0.02080196    0.00596888 -0.00967252
 -0.02303030 -0.01012489    0.00596888 -0.00967252    0.00903073  0.01418075
    2    2
  0.07326319  0.00000000   -0.00412240  0.00060988   -0.00379019 -0.00097183
 -0.00412240 -0.00060988    0.08240718  0.00000000   -0.00963408 -0.00273348
 -0.00379019  0.00097183   -0.00963408  0.00273348    0.09233649  0.00000000

     Diagonalizing the dynamical matrix

     q = (    0.125000000   0.375000000  -0.927531466 ) 

 **************************************************************************
     freq (    1) =       1.692259 [THz] =      56.447686 [cm-1]
 (  0.059723 -0.677755  0.086627 -0.058471 -0.127656 -0.099308 ) 
 ( -0.369014  0.571618  0.032472  0.099342 -0.161734  0.000000 ) 
     freq (    2) =       2.127677 [THz] =      70.971650 [cm-1]
 (  0.044580 -0.003300  0.546515 -0.162982  0.082244  0.407426 ) 
 ( -0.005586 -0.044352  0.051620 -0.567958 -0.415645  0.000000 ) 
     freq (    3) =       2.591962 [THz] =      86.458559 [cm-1]
 ( -0.101426  0.163283  0.407509 -0.371001 -0.276823 -0.287602 ) 
 (  0.047305 -0.186309  0.015300  0.550882 -0.399182  0.000000 ) 
     freq (    4) =       3.053462 [THz] =     101.852524 [cm-1]
 (  0.100460 -0.128684  0.370574 -0.282809  0.293829 -0.411955 ) 
 (  0.163101 -0.007063  0.445429 -0.137473  0.506006  0.000000 ) 
     freq (    5) =       3.393736 [THz] =     113.202852 [cm-1]
 (  0.200841  0.345620  0.299687 -0.130285 -0.438007  0.203895 ) 
 ( -0.036221  0.398093 -0.326675  0.008360  0.483139  0.000000 ) 
     freq (    6) =       3.829678 [THz] =     127.744314 [cm-1]
 ( -0.410453 -0.378444  0.183316 -0.049325 -0.087197  0.380351 ) 
 ( -0.277156 -0.484641 -0.089041  0.167658  0.390218  0.000000 ) 
 **************************************************************************
