Dynamical matrix file
                                                                           
  1    2  0 11.0780329  0.0000000  0.0000000  0.0000000  0.0000000  0.0000000
Basis vectors
      1.000000000    0.000000000    0.000000000
      0.000000000    1.000000000    0.000000000
      0.500000000    0.500000000    0.269532635
           1  'Sn  '    108197.54598352207     
    1    1      1.0000000000      1.2500000000      0.2021494763
    2    1      0.5000000000      0.2500000000      0.0673831588

     Dynamical  Matrix in cartesian axes

     q = (    0.250000000  -0.500000000   0.927531466 ) 

    1    1
  0.07377984  0.00000000    0.00000000 -0.00190708    0.00000000 -0.00400913
  0.00000000  0.00190708    0.09097279  0.00000000    0.00033295  0.00000000
  0.00000000  0.00400913    0.00033295  0.00000000    0.10984601  0.00000000
    1    2
  0.02246744  0.02246744    0.00119274 -0.00119274    0.01862744 -0.01862744
  0.00119274 -0.00119274   -0.01019628 -0.01019628    0.02215722  0.02215722
  0.01862744 -0.01862744    0.02215722  0.02215722   -0.00400280 -0.00400280
    2    1
  0.02246744 -0.02246744    0.00119274  0.00119274    0.01862744  0.01862744
  0.00119274  0.00119274   -0.01019628  0.01019628    0.02215722 -0.02215722
  0.01862744  0.01862744    0.02215722 -0.02215722   -0.00400280  0.00400280
    2    2
  0.07377984  0.00000000    0.00000000  0.00190708    0.00000000  0.00400913
  0.00000000 -0.00190708    0.09097279  0.00000000    0.00033295  0.00000000
  0.00000000 -0.00400913    0.00033295  0.00000000    0.10984601  0.00000000

     Dynamical  Matrix in cartesian axes

     q = (   -0.250000000   0.500000000   0.927531466 ) 

    1    1
  0.07377984  0.00000000    0.00000000 -0.00190708    0.00000000  0.00400913
  0.00000000  0.00190708    0.09097279  0.00000000   -0.00033295  0.00000000
  0.00000000 -0.00400913   -0.00033295  0.00000000    0.10984601  0.00000000
    1    2
  0.02246744 -0.02246744   -0.00119274 -0.00119274    0.01862744  0.01862744
 -0.00119274 -0.00119274   -0.01019628  0.01019628   -0.02215722  0.02215722
  0.01862744  0.01862744   -0.02215722  0.02215722   -0.00400280  0.00400280
    2    1
  0.02246744  0.02246744   -0.00119274  0.00119274    0.01862744 -0.01862744
 -0.00119274  0.00119274   -0.01019628 -0.01019628   -0.02215722 -0.02215722
  0.01862744 -0.01862744   -0.02215722 -0.02215722   -0.00400280 -0.00400280
    2    2
  0.07377984  0.00000000    0.00000000  0.00190708    0.00000000 -0.00400913
  0.00000000 -0.00190708    0.09097279  0.00000000   -0.00033295  0.00000000
  0.00000000  0.00400913   -0.00033295  0.00000000    0.10984601  0.00000000

     Dynamical  Matrix in cartesian axes

     q = (    0.500000000  -0.250000000   0.927531466 ) 

    1    1
  0.09097279  0.00000000    0.00000000 -0.00190708   -0.00033295  0.00000000
  0.00000000  0.00190708    0.07377984  0.00000000    0.00000000 -0.00400913
 -0.00033295  0.00000000    0.00000000  0.00400913    0.10984601  0.00000000
    1    2
  0.00000000  0.01441971    0.00168679 -0.00000000    0.00000000  0.03133504
  0.00168679 -0.00000000   -0.00000000 -0.03177376   -0.02634318  0.00000000
  0.00000000  0.03133504   -0.02634318  0.00000000   -0.00000000  0.00566082
    2    1
  0.00000000 -0.01441971    0.00168679  0.00000000    0.00000000 -0.03133504
  0.00168679  0.00000000   -0.00000000  0.03177376   -0.02634318  0.00000000
  0.00000000 -0.03133504   -0.02634318  0.00000000    0.00000000 -0.00566082
    2    2
  0.09097279  0.00000000    0.00000000  0.00190708   -0.00033295  0.00000000
  0.00000000 -0.00190708    0.07377984  0.00000000    0.00000000  0.00400913
 -0.00033295  0.00000000    0.00000000 -0.00400913    0.10984601 -0.00000000

     Dynamical  Matrix in cartesian axes

     q = (   -0.500000000   0.250000000   0.927531466 ) 

    1    1
  0.09097279  0.00000000    0.00000000 -0.00190708    0.00033295  0.00000000
  0.00000000  0.00190708    0.07377984  0.00000000    0.00000000  0.00400913
  0.00033295  0.00000000    0.00000000 -0.00400913    0.10984601  0.00000000
    1    2
 -0.00000000  0.01441971    0.00168679  0.00000000    0.00000000 -0.03133504
  0.00168679  0.00000000    0.00000000 -0.03177376    0.02634318  0.00000000
  0.00000000 -0.03133504    0.02634318  0.00000000   -0.00000000  0.00566082
    2    1
 -0.00000000 -0.01441971    0.00168679 -0.00000000    0.00000000  0.03133504
  0.00168679 -0.00000000    0.00000000  0.03177376    0.02634318 -0.00000000
  0.00000000  0.03133504    0.02634318 -0.00000000   -0.00000000 -0.00566082
    2    2
  0.09097279  0.00000000    0.00000000  0.00190708    0.00033295  0.00000000
  0.00000000 -0.00190708    0.07377984  0.00000000    0.00000000 -0.00400913
  0.00033295  0.00000000    0.00000000  0.00400913    0.10984601  0.00000000

     Dynamical  Matrix in cartesian axes

     q = (    0.250000000   0.500000000   0.927531466 ) 

    1    1
  0.07377984  0.00000000    0.00000000  0.00190708    0.00000000 -0.00400913
  0.00000000 -0.00190708    0.09097279  0.00000000   -0.00033295  0.00000000
  0.00000000  0.00400913   -0.00033295  0.00000000    0.10984601  0.00000000
    1    2
  0.02246744  0.02246744   -0.00119274  0.00119274    0.01862744 -0.01862744
 -0.00119274  0.00119274   -0.01019628 -0.01019628   -0.02215722 -0.02215722
  0.01862744 -0.01862744   -0.02215722 -0.02215722   -0.00400280 -0.00400280
    2    1
  0.02246744 -0.02246744   -0.00119274 -0.00119274    0.01862744  0.01862744
 -0.00119274 -0.00119274   -0.01019628  0.01019628   -0.02215722  0.02215722
  0.01862744  0.01862744   -0.02215722  0.02215722   -0.00400280  0.00400280
    2    2
  0.07377984  0.00000000    0.00000000 -0.00190708    0.00000000  0.00400913
  0.00000000  0.00190708    0.09097279  0.00000000   -0.00033295  0.00000000
  0.00000000 -0.00400913   -0.00033295  0.00000000    0.10984601  0.00000000

     Dynamical  Matrix in cartesian axes

     q = (   -0.500000000  -0.250000000   0.927531466 ) 

    1    1
  0.09097279  0.00000000    0.00000000  0.00190708    0.00033295  0.00000000
  0.00000000 -0.00190708    0.07377984  0.00000000    0.00000000 -0.00400913
  0.00033295  0.00000000    0.00000000  0.00400913    0.10984601  0.00000000
    1    2
  0.00000000 -0.01441971    0.00168679  0.00000000   -0.00000000  0.03133504
  0.00168679  0.00000000   -0.00000000  0.03177376    0.02634318  0.00000000
 -0.00000000  0.03133504    0.02634318  0.00000000    0.00000000 -0.00566082
    2    1
  0.00000000  0.01441971    0.00168679 -0.00000000   -0.00000000 -0.03133504
  0.00168679 -0.00000000   -0.00000000 -0.03177376    0.02634318 -0.00000000
 -0.00000000 -0.03133504    0.02634318 -0.00000000    0.00000000  0.00566082
    2    2
  0.09097279  0.00000000    0.00000000 -0.00190708    0.00033295  0.00000000
  0.00000000  0.00190708    0.07377984  0.00000000    0.00000000  0.00400913
  0.00033295  0.00000000    0.00000000 -0.00400913    0.10984601  0.00000000

     Dynamical  Matrix in cartesian axes

     q = (   -0.500000000   0.250000000  -0.927531466 ) 

    1    1
  0.09097279  0.00000000    0.00000000  0.00190708   -0.00033295  0.00000000
  0.00000000 -0.00190708    0.07377984  0.00000000    0.00000000  0.00400913
 -0.00033295  0.00000000    0.00000000 -0.00400913    0.10984601 -0.00000000
    1    2
  0.00000000 -0.01441971    0.00168679  0.00000000    0.00000000 -0.03133504
  0.00168679  0.00000000   -0.00000000  0.03177376   -0.02634318 -0.00000000
  0.00000000 -0.03133504   -0.02634318 -0.00000000    0.00000000 -0.00566082
    2    1
  0.00000000  0.01441971    0.00168679 -0.00000000    0.00000000  0.03133504
  0.00168679 -0.00000000   -0.00000000 -0.03177376   -0.02634318  0.00000000
  0.00000000  0.03133504   -0.02634318  0.00000000    0.00000000  0.00566082
    2    2
  0.09097279  0.00000000    0.00000000 -0.00190708   -0.00033295  0.00000000
  0.00000000  0.00190708    0.07377984  0.00000000    0.00000000 -0.00400913
 -0.00033295  0.00000000    0.00000000  0.00400913    0.10984601  0.00000000

     Dynamical  Matrix in cartesian axes

     q = (   -0.250000000  -0.500000000   0.927531466 ) 

    1    1
  0.07377984  0.00000000    0.00000000  0.00190708    0.00000000  0.00400913
  0.00000000 -0.00190708    0.09097279  0.00000000    0.00033295  0.00000000
  0.00000000 -0.00400913    0.00033295  0.00000000    0.10984601  0.00000000
    1    2
  0.02246744 -0.02246744    0.00119274  0.00119274    0.01862744  0.01862744
  0.00119274  0.00119274   -0.01019628  0.01019628    0.02215722 -0.02215722
  0.01862744  0.01862744    0.02215722 -0.02215722   -0.00400280  0.00400280
    2    1
  0.02246744  0.02246744    0.00119274 -0.00119274    0.01862744 -0.01862744
  0.00119274 -0.00119274   -0.01019628 -0.01019628    0.02215722  0.02215722
  0.01862744 -0.01862744    0.02215722  0.02215722   -0.00400280 -0.00400280
    2    2
  0.07377984  0.00000000    0.00000000 -0.00190708    0.00000000 -0.00400913
  0.00000000  0.00190708    0.09097279  0.00000000    0.00033295  0.00000000
  0.00000000  0.00400913    0.00033295  0.00000000    0.10984601  0.00000000

     Diagonalizing the dynamical matrix

     q = (    0.250000000  -0.500000000   0.927531466 ) 

 **************************************************************************
     freq (    1) =       1.664775 [THz] =      55.530916 [cm-1]
 ( -0.436197  0.436197 -0.109547 -0.109547  0.218475  0.218475 ) 
 ( -0.000000 -0.616876 -0.154923  0.000000  0.308970 -0.000000 ) 
     freq (    2) =       2.484334 [THz] =      82.868477 [cm-1]
 (  0.195380 -0.195380 -0.424820 -0.424820  0.177074  0.177074 ) 
 ( -0.000000  0.276309 -0.600786 -0.000000  0.250420  0.000000 ) 
     freq (    3) =       2.684735 [THz] =      89.553132 [cm-1]
 ( -0.218132  0.218132 -0.305616 -0.305616 -0.330178 -0.330178 ) 
 (  0.000000  0.308485  0.432206  0.000000  0.466942  0.000000 ) 
     freq (    4) =       3.245334 [THz] =     108.252692 [cm-1]
 ( -0.405986  0.405986  0.291842  0.291842 -0.001918 -0.001918 ) 
 (  0.000000  0.574151 -0.412727  0.000000  0.002712  0.000000 ) 
     freq (    5) =       3.652102 [THz] =     121.821000 [cm-1]
 (  0.146829 -0.146829  0.239849  0.239849  0.413417  0.413417 ) 
 ( -0.000000  0.207648  0.339198  0.000000  0.584660  0.000000 ) 
     freq (    6) =       3.862029 [THz] =     128.823430 [cm-1]
 (  0.193892 -0.193892  0.267259  0.267259 -0.375471 -0.375471 ) 
 (  0.000000 -0.274204 -0.377961 -0.000000  0.530997  0.000000 ) 
 **************************************************************************
