Dynamical matrix file
                                                                           
  1    2  0 11.0780329  0.0000000  0.0000000  0.0000000  0.0000000  0.0000000
Basis vectors
      1.000000000    0.000000000    0.000000000
      0.000000000    1.000000000    0.000000000
      0.500000000    0.500000000    0.269532635
           1  'Sn  '    108197.54598352207     
    1    1      1.0000000000      1.2500000000      0.2021494763
    2    1      0.5000000000      0.2500000000      0.0673831588

     Dynamical  Matrix in cartesian axes

     q = (    0.000000000   0.375000000  -0.695648599 ) 

    1    1
  0.08767860  0.00000000    0.00000000  0.00000000    0.00000000  0.00000000
  0.00000000  0.00000000    0.07584287  0.00000000   -0.00975934  0.00282423
  0.00000000  0.00000000   -0.00975934 -0.00282423    0.11027359  0.00000000
    1    2
  0.04948174 -0.05400272    0.00000000  0.00000000    0.00000000  0.00000000
  0.00000000  0.00000000   -0.01033172 -0.00623548    0.02054025 -0.01573418
  0.00000000  0.00000000    0.02054025 -0.01573418   -0.01086569  0.00254063
    2    1
  0.04948174  0.05400272    0.00000000  0.00000000    0.00000000  0.00000000
  0.00000000  0.00000000   -0.01033172  0.00623548    0.02054025  0.01573418
  0.00000000  0.00000000    0.02054025  0.01573418   -0.01086569 -0.00254063
    2    2
  0.08767860  0.00000000    0.00000000  0.00000000    0.00000000  0.00000000
  0.00000000  0.00000000    0.07584287  0.00000000   -0.00975934 -0.00282423
  0.00000000  0.00000000   -0.00975934  0.00282423    0.11027359  0.00000000

     Dynamical  Matrix in cartesian axes

     q = (    0.000000000  -0.375000000  -0.695648599 ) 

    1    1
  0.08767860  0.00000000    0.00000000  0.00000000    0.00000000  0.00000000
  0.00000000  0.00000000    0.07584287  0.00000000    0.00975934 -0.00282423
  0.00000000  0.00000000    0.00975934  0.00282423    0.11027359  0.00000000
    1    2
  0.05400272  0.04948174    0.00000000  0.00000000    0.00000000  0.00000000
  0.00000000  0.00000000    0.00623548 -0.01033172   -0.01573418 -0.02054025
  0.00000000  0.00000000   -0.01573418 -0.02054025   -0.00254063 -0.01086569
    2    1
  0.05400272 -0.04948174    0.00000000  0.00000000    0.00000000  0.00000000
  0.00000000  0.00000000    0.00623548  0.01033172   -0.01573418  0.02054025
  0.00000000  0.00000000   -0.01573418  0.02054025   -0.00254063  0.01086569
    2    2
  0.08767860  0.00000000    0.00000000  0.00000000    0.00000000  0.00000000
  0.00000000  0.00000000    0.07584287  0.00000000    0.00975934  0.00282423
  0.00000000  0.00000000    0.00975934 -0.00282423    0.11027359  0.00000000

     Dynamical  Matrix in cartesian axes

     q = (   -0.375000000   0.000000000  -0.695648599 ) 

    1    1
  0.07584287  0.00000000    0.00000000  0.00000000    0.00975934  0.00282423
  0.00000000  0.00000000    0.08767860  0.00000000    0.00000000  0.00000000
  0.00975934 -0.00282423    0.00000000  0.00000000    0.11027359  0.00000000
    1    2
 -0.01033172  0.00623548    0.00000000  0.00000000   -0.02054025 -0.01573418
  0.00000000  0.00000000    0.04948174  0.05400272    0.00000000  0.00000000
 -0.02054025 -0.01573418    0.00000000  0.00000000   -0.01086569 -0.00254063
    2    1
 -0.01033172 -0.00623548    0.00000000  0.00000000   -0.02054025  0.01573418
  0.00000000  0.00000000    0.04948174 -0.05400272    0.00000000  0.00000000
 -0.02054025  0.01573418    0.00000000  0.00000000   -0.01086569  0.00254063
    2    2
  0.07584287  0.00000000    0.00000000  0.00000000    0.00975934 -0.00282423
  0.00000000  0.00000000    0.08767860  0.00000000    0.00000000  0.00000000
  0.00975934  0.00282423    0.00000000  0.00000000    0.11027359  0.00000000

     Dynamical  Matrix in cartesian axes

     q = (    0.000000000   0.375000000   0.695648599 ) 

    1    1
  0.08767860  0.00000000    0.00000000  0.00000000    0.00000000  0.00000000
  0.00000000  0.00000000    0.07584287  0.00000000    0.00975934  0.00282423
  0.00000000  0.00000000    0.00975934 -0.00282423    0.11027359  0.00000000
    1    2
  0.05400272 -0.04948174    0.00000000  0.00000000    0.00000000  0.00000000
  0.00000000  0.00000000    0.00623548  0.01033172   -0.01573418  0.02054025
  0.00000000  0.00000000   -0.01573418  0.02054025   -0.00254063  0.01086569
    2    1
  0.05400272  0.04948174    0.00000000  0.00000000    0.00000000  0.00000000
  0.00000000  0.00000000    0.00623548 -0.01033172   -0.01573418 -0.02054025
  0.00000000  0.00000000   -0.01573418 -0.02054025   -0.00254063 -0.01086569
    2    2
  0.08767860  0.00000000    0.00000000  0.00000000    0.00000000  0.00000000
  0.00000000  0.00000000    0.07584287  0.00000000    0.00975934 -0.00282423
  0.00000000  0.00000000    0.00975934  0.00282423    0.11027359  0.00000000

     Dynamical  Matrix in cartesian axes

     q = (    0.000000000  -0.375000000   0.695648599 ) 

    1    1
  0.08767860  0.00000000    0.00000000  0.00000000    0.00000000  0.00000000
  0.00000000  0.00000000    0.07584287  0.00000000   -0.00975934 -0.00282423
  0.00000000  0.00000000   -0.00975934  0.00282423    0.11027359  0.00000000
    1    2
  0.04948174  0.05400272    0.00000000  0.00000000    0.00000000  0.00000000
  0.00000000  0.00000000   -0.01033172  0.00623548    0.02054025  0.01573418
  0.00000000  0.00000000    0.02054025  0.01573418   -0.01086569 -0.00254063
    2    1
  0.04948174 -0.05400272    0.00000000  0.00000000    0.00000000  0.00000000
  0.00000000  0.00000000   -0.01033172 -0.00623548    0.02054025 -0.01573418
  0.00000000  0.00000000    0.02054025 -0.01573418   -0.01086569  0.00254063
    2    2
  0.08767860  0.00000000    0.00000000  0.00000000    0.00000000  0.00000000
  0.00000000  0.00000000    0.07584287  0.00000000   -0.00975934  0.00282423
  0.00000000  0.00000000   -0.00975934 -0.00282423    0.11027359  0.00000000

     Dynamical  Matrix in cartesian axes

     q = (   -0.375000000   0.000000000   0.695648599 ) 

    1    1
  0.07584287  0.00000000    0.00000000  0.00000000   -0.00975934  0.00282423
  0.00000000  0.00000000    0.08767860  0.00000000    0.00000000  0.00000000
 -0.00975934 -0.00282423    0.00000000  0.00000000    0.11027359  0.00000000
    1    2
  0.00289648  0.01171477    0.00000000  0.00000000   -0.02564990 -0.00339840
  0.00000000  0.00000000   -0.07317456  0.00319682    0.00000000  0.00000000
 -0.02564990 -0.00339840    0.00000000  0.00000000    0.00947970  0.00588671
    2    1
  0.00289648 -0.01171477    0.00000000  0.00000000   -0.02564990  0.00339840
  0.00000000  0.00000000   -0.07317456 -0.00319682    0.00000000  0.00000000
 -0.02564990  0.00339840    0.00000000  0.00000000    0.00947970 -0.00588671
    2    2
  0.07584287  0.00000000    0.00000000  0.00000000   -0.00975934 -0.00282423
  0.00000000  0.00000000    0.08767860  0.00000000    0.00000000  0.00000000
 -0.00975934  0.00282423    0.00000000  0.00000000    0.11027359  0.00000000

     Dynamical  Matrix in cartesian axes

     q = (    0.375000000   0.000000000   0.695648599 ) 

    1    1
  0.07584287  0.00000000    0.00000000  0.00000000    0.00975934 -0.00282423
  0.00000000  0.00000000    0.08767860  0.00000000    0.00000000  0.00000000
  0.00975934  0.00282423    0.00000000  0.00000000    0.11027359  0.00000000
    1    2
 -0.01033172 -0.00623548    0.00000000  0.00000000   -0.02054025  0.01573418
  0.00000000  0.00000000    0.04948174 -0.05400272    0.00000000  0.00000000
 -0.02054025  0.01573418    0.00000000  0.00000000   -0.01086569  0.00254063
    2    1
 -0.01033172  0.00623548    0.00000000  0.00000000   -0.02054025 -0.01573418
  0.00000000  0.00000000    0.04948174  0.05400272    0.00000000  0.00000000
 -0.02054025 -0.01573418    0.00000000  0.00000000   -0.01086569 -0.00254063
    2    2
  0.07584287  0.00000000    0.00000000  0.00000000    0.00975934  0.00282423
  0.00000000  0.00000000    0.08767860  0.00000000    0.00000000  0.00000000
  0.00975934 -0.00282423    0.00000000  0.00000000    0.11027359  0.00000000

     Dynamical  Matrix in cartesian axes

     q = (    0.375000000   0.000000000  -0.695648599 ) 

    1    1
  0.07584287  0.00000000    0.00000000  0.00000000   -0.00975934 -0.00282423
  0.00000000  0.00000000    0.08767860  0.00000000    0.00000000  0.00000000
 -0.00975934  0.00282423    0.00000000  0.00000000    0.11027359  0.00000000
    1    2
  0.00289648 -0.01171477    0.00000000  0.00000000   -0.02564990  0.00339840
  0.00000000  0.00000000   -0.07317456 -0.00319682    0.00000000  0.00000000
 -0.02564990  0.00339840    0.00000000  0.00000000    0.00947970 -0.00588671
    2    1
  0.00289648  0.01171477    0.00000000  0.00000000   -0.02564990 -0.00339840
  0.00000000  0.00000000   -0.07317456  0.00319682    0.00000000  0.00000000
 -0.02564990 -0.00339840    0.00000000  0.00000000    0.00947970  0.00588671
    2    2
  0.07584287  0.00000000    0.00000000  0.00000000   -0.00975934  0.00282423
  0.00000000  0.00000000    0.08767860  0.00000000    0.00000000  0.00000000
 -0.00975934 -0.00282423    0.00000000  0.00000000    0.11027359  0.00000000

     Diagonalizing the dynamical matrix

     q = (    0.000000000   0.375000000  -0.695648599 ) 

 **************************************************************************
     freq (    1) =       1.201610 [THz] =      40.081383 [cm-1]
 ( -0.437396  0.555594  0.000000 -0.000000 -0.000000 -0.000000 ) 
 (  0.705129 -0.052853  0.000000  0.000000 -0.000000  0.000000 ) 
     freq (    2) =       2.259387 [THz] =      75.365044 [cm-1]
 ( -0.000000 -0.000000  0.418949 -0.487467  0.277636  0.098873 ) 
 (  0.000000  0.000000 -0.231131 -0.599767 -0.294716  0.000000 ) 
     freq (    3) =       2.680131 [THz] =      89.399538 [cm-1]
 ( -0.000000  0.000000 -0.509894  0.308858  0.255952  0.281253 ) 
 (  0.000000  0.000000 -0.114759 -0.584992  0.380283  0.000000 ) 
     freq (    4) =       3.277976 [THz] =     109.341513 [cm-1]
 (  0.000000 -0.000000  0.197655 -0.256512  0.528411 -0.340463 ) 
 (  0.000000  0.000000  0.305086  0.108575  0.628597  0.000000 ) 
     freq (    5) =       3.768502 [THz] =     125.703687 [cm-1]
 ( -0.000000  0.000000  0.316057 -0.163446 -0.568959  0.222888 ) 
 ( -0.000000 -0.000000 -0.353899 -0.036901  0.611059  0.000000 ) 
     freq (    6) =       4.012133 [THz] =     133.830357 [cm-1]
 ( -0.621904  0.336504  0.000000 -0.000000  0.000000 -0.000000 ) 
 ( -0.668243 -0.231195  0.000000  0.000000 -0.000000  0.000000 ) 
 **************************************************************************
