Dynamical matrix file
                                                                           
  1    2  0 11.0780329  0.0000000  0.0000000  0.0000000  0.0000000  0.0000000
Basis vectors
      1.000000000    0.000000000    0.000000000
      0.000000000    1.000000000    0.000000000
      0.500000000    0.500000000    0.269532635
           1  'Sn  '    108197.54598352207     
    1    1      1.0000000000      1.2500000000      0.2021494763
    2    1      0.5000000000      0.2500000000      0.0673831588

     Dynamical  Matrix in cartesian axes

     q = (    0.125000000   0.250000000  -0.695648599 ) 

    1    1
  0.08291613  0.00000000    0.00071893 -0.00162073   -0.00318136 -0.00315707
  0.00071893  0.00162073    0.07559106  0.00000000   -0.00394260  0.00417058
 -0.00318136  0.00315707   -0.00394260 -0.00417058    0.10974216  0.00000000
    1    2
  0.02091595 -0.05362166    0.00077258  0.00158421   -0.01247489 -0.00767469
  0.00077258  0.00158421   -0.02332498 -0.02291443    0.01245880 -0.02059371
 -0.01247489 -0.00767469    0.01245880 -0.02059371   -0.00204974 -0.00283609
    2    1
  0.02091595  0.05362166    0.00077258 -0.00158421   -0.01247489  0.00767469
  0.00077258 -0.00158421   -0.02332498  0.02291443    0.01245880  0.02059371
 -0.01247489  0.00767469    0.01245880  0.02059371   -0.00204974  0.00283609
    2    2
  0.08291613  0.00000000    0.00071893  0.00162073   -0.00318136  0.00315707
  0.00071893 -0.00162073    0.07559106  0.00000000   -0.00394260 -0.00417058
 -0.00318136 -0.00315707   -0.00394260  0.00417058    0.10974216  0.00000000

     Dynamical  Matrix in cartesian axes

     q = (    0.250000000   0.125000000  -0.695648599 ) 

    1    1
  0.07559106  0.00000000    0.00071893 -0.00162073   -0.00394260 -0.00417058
  0.00071893  0.00162073    0.08291613  0.00000000   -0.00318136  0.00315707
 -0.00394260  0.00417058   -0.00318136 -0.00315707    0.10974216  0.00000000
    1    2
  0.00029031 -0.03269620    0.00057390  0.00166650   -0.02337165 -0.00575225
  0.00057390  0.00166650   -0.05270605 -0.02312642    0.00339426 -0.01424791
 -0.02337165 -0.00575225    0.00339426 -0.01424791   -0.00055603 -0.00345481
    2    1
  0.00029031  0.03269620    0.00057390 -0.00166650   -0.02337165  0.00575225
  0.00057390 -0.00166650   -0.05270605  0.02312642    0.00339426  0.01424791
 -0.02337165  0.00575225    0.00339426  0.01424791   -0.00055603  0.00345481
    2    2
  0.07559106  0.00000000    0.00071893  0.00162073   -0.00394260  0.00417058
  0.00071893 -0.00162073    0.08291613  0.00000000   -0.00318136 -0.00315707
 -0.00394260 -0.00417058   -0.00318136  0.00315707    0.10974216  0.00000000

     Dynamical  Matrix in cartesian axes

     q = (   -0.125000000  -0.250000000  -0.695648599 ) 

    1    1
  0.08291613  0.00000000    0.00071893 -0.00162073    0.00318136  0.00315707
  0.00071893  0.00162073    0.07559106  0.00000000    0.00394260 -0.00417058
  0.00318136 -0.00315707    0.00394260  0.00417058    0.10974216  0.00000000
    1    2
  0.02312642  0.05270605   -0.00166650 -0.00057390   -0.01424791  0.00339426
 -0.00166650 -0.00057390    0.03269620 -0.00029031   -0.00575225 -0.02337165
 -0.01424791  0.00339426   -0.00575225 -0.02337165    0.00345481  0.00055603
    2    1
  0.02312642 -0.05270605   -0.00166650  0.00057390   -0.01424791 -0.00339426
 -0.00166650  0.00057390    0.03269620  0.00029031   -0.00575225  0.02337165
 -0.01424791 -0.00339426   -0.00575225  0.02337165    0.00345481 -0.00055603
    2    2
  0.08291613  0.00000000    0.00071893  0.00162073    0.00318136 -0.00315707
  0.00071893 -0.00162073    0.07559106  0.00000000    0.00394260  0.00417058
  0.00318136  0.00315707    0.00394260 -0.00417058    0.10974216  0.00000000

     Dynamical  Matrix in cartesian axes

     q = (   -0.250000000  -0.125000000  -0.695648599 ) 

    1    1
  0.07559106  0.00000000    0.00071893 -0.00162073    0.00394260  0.00417058
  0.00071893  0.00162073    0.08291613  0.00000000    0.00318136 -0.00315707
  0.00394260 -0.00417058    0.00318136  0.00315707    0.10974216  0.00000000
    1    2
 -0.00029031  0.03269620   -0.00057390 -0.00166650   -0.02337165 -0.00575225
 -0.00057390 -0.00166650    0.05270605  0.02312642    0.00339426 -0.01424791
 -0.02337165 -0.00575225    0.00339426 -0.01424791    0.00055603  0.00345481
    2    1
 -0.00029031 -0.03269620   -0.00057390  0.00166650   -0.02337165  0.00575225
 -0.00057390  0.00166650    0.05270605 -0.02312642    0.00339426  0.01424791
 -0.02337165  0.00575225    0.00339426  0.01424791    0.00055603 -0.00345481
    2    2
  0.07559106  0.00000000    0.00071893  0.00162073    0.00394260 -0.00417058
  0.00071893 -0.00162073    0.08291613  0.00000000    0.00318136  0.00315707
  0.00394260  0.00417058    0.00318136 -0.00315707    0.10974216 -0.00000000

     Dynamical  Matrix in cartesian axes

     q = (   -0.125000000   0.250000000   0.695648599 ) 

    1    1
  0.08291613  0.00000000   -0.00071893 -0.00162073   -0.00318136  0.00315707
 -0.00071893  0.00162073    0.07559106  0.00000000    0.00394260  0.00417058
 -0.00318136 -0.00315707    0.00394260 -0.00417058    0.10974216  0.00000000
    1    2
 -0.02091595 -0.05362166    0.00077258 -0.00158421    0.01247489 -0.00767469
  0.00077258 -0.00158421    0.02332498 -0.02291443    0.01245880  0.02059371
  0.01247489 -0.00767469    0.01245880  0.02059371    0.00204974 -0.00283609
    2    1
 -0.02091595  0.05362166    0.00077258  0.00158421    0.01247489  0.00767469
  0.00077258  0.00158421    0.02332498  0.02291443    0.01245880 -0.02059371
  0.01247489  0.00767469    0.01245880 -0.02059371    0.00204974  0.00283609
    2    2
  0.08291613  0.00000000   -0.00071893  0.00162073   -0.00318136 -0.00315707
 -0.00071893 -0.00162073    0.07559106  0.00000000    0.00394260 -0.00417058
 -0.00318136  0.00315707    0.00394260  0.00417058    0.10974216 -0.00000000

     Dynamical  Matrix in cartesian axes

     q = (    0.125000000  -0.250000000   0.695648599 ) 

    1    1
  0.08291613  0.00000000   -0.00071893 -0.00162073    0.00318136 -0.00315707
 -0.00071893  0.00162073    0.07559106  0.00000000   -0.00394260 -0.00417058
  0.00318136  0.00315707   -0.00394260  0.00417058    0.10974216  0.00000000
    1    2
 -0.02312642  0.05270605   -0.00166650  0.00057390    0.01424791  0.00339426
 -0.00166650  0.00057390   -0.03269620 -0.00029031   -0.00575225  0.02337165
  0.01424791  0.00339426   -0.00575225  0.02337165   -0.00345481  0.00055603
    2    1
 -0.02312642 -0.05270605   -0.00166650 -0.00057390    0.01424791 -0.00339426
 -0.00166650 -0.00057390   -0.03269620  0.00029031   -0.00575225 -0.02337165
  0.01424791 -0.00339426   -0.00575225 -0.02337165   -0.00345481 -0.00055603
    2    2
  0.08291613  0.00000000   -0.00071893  0.00162073    0.00318136  0.00315707
 -0.00071893 -0.00162073    0.07559106  0.00000000   -0.00394260  0.00417058
  0.00318136 -0.00315707   -0.00394260 -0.00417058    0.10974216 -0.00000000

     Dynamical  Matrix in cartesian axes

     q = (   -0.250000000   0.125000000   0.695648599 ) 

    1    1
  0.07559106  0.00000000   -0.00071893 -0.00162073   -0.00394260  0.00417058
 -0.00071893  0.00162073    0.08291613  0.00000000    0.00318136  0.00315707
 -0.00394260 -0.00417058    0.00318136 -0.00315707    0.10974216  0.00000000
    1    2
 -0.03269620  0.00029031   -0.00166650 -0.00057390   -0.00575225 -0.02337165
 -0.00166650 -0.00057390   -0.02312642 -0.05270605    0.01424791 -0.00339426
 -0.00575225 -0.02337165    0.01424791 -0.00339426   -0.00345481 -0.00055603
    2    1
 -0.03269620 -0.00029031   -0.00166650  0.00057390   -0.00575225  0.02337165
 -0.00166650  0.00057390   -0.02312642  0.05270605    0.01424791  0.00339426
 -0.00575225  0.02337165    0.01424791  0.00339426   -0.00345481  0.00055603
    2    2
  0.07559106  0.00000000   -0.00071893  0.00162073   -0.00394260 -0.00417058
 -0.00071893 -0.00162073    0.08291613  0.00000000    0.00318136 -0.00315707
 -0.00394260  0.00417058    0.00318136  0.00315707    0.10974216  0.00000000

     Dynamical  Matrix in cartesian axes

     q = (    0.250000000  -0.125000000   0.695648599 ) 

    1    1
  0.07559106  0.00000000   -0.00071893 -0.00162073    0.00394260 -0.00417058
 -0.00071893  0.00162073    0.08291613  0.00000000   -0.00318136 -0.00315707
  0.00394260  0.00417058   -0.00318136  0.00315707    0.10974216  0.00000000
    1    2
 -0.03269620  0.00029031   -0.00166650 -0.00057390    0.00575225  0.02337165
 -0.00166650 -0.00057390   -0.02312642 -0.05270605   -0.01424791  0.00339426
  0.00575225  0.02337165   -0.01424791  0.00339426   -0.00345481 -0.00055603
    2    1
 -0.03269620 -0.00029031   -0.00166650  0.00057390    0.00575225 -0.02337165
 -0.00166650  0.00057390   -0.02312642  0.05270605   -0.01424791 -0.00339426
  0.00575225 -0.02337165   -0.01424791 -0.00339426   -0.00345481  0.00055603
    2    2
  0.07559106  0.00000000   -0.00071893  0.00162073    0.00394260  0.00417058
 -0.00071893 -0.00162073    0.08291613  0.00000000   -0.00318136  0.00315707
  0.00394260 -0.00417058   -0.00318136 -0.00315707    0.10974216 -0.00000000

     Dynamical  Matrix in cartesian axes

     q = (    0.125000000  -0.250000000  -0.695648599 ) 

    1    1
  0.08291613  0.00000000   -0.00071893  0.00162073   -0.00318136 -0.00315707
 -0.00071893 -0.00162073    0.07559106  0.00000000    0.00394260 -0.00417058
 -0.00318136  0.00315707    0.00394260  0.00417058    0.10974216 -0.00000000
    1    2
 -0.02091595  0.05362166    0.00077258  0.00158421    0.01247489  0.00767469
  0.00077258  0.00158421    0.02332498  0.02291443    0.01245880 -0.02059371
  0.01247489  0.00767469    0.01245880 -0.02059371    0.00204974  0.00283609
    2    1
 -0.02091595 -0.05362166    0.00077258 -0.00158421    0.01247489 -0.00767469
  0.00077258 -0.00158421    0.02332498 -0.02291443    0.01245880  0.02059371
  0.01247489 -0.00767469    0.01245880  0.02059371    0.00204974 -0.00283609
    2    2
  0.08291613  0.00000000   -0.00071893 -0.00162073   -0.00318136  0.00315707
 -0.00071893  0.00162073    0.07559106  0.00000000    0.00394260  0.00417058
 -0.00318136 -0.00315707    0.00394260 -0.00417058    0.10974216  0.00000000

     Dynamical  Matrix in cartesian axes

     q = (    0.250000000  -0.125000000  -0.695648599 ) 

    1    1
  0.07559106  0.00000000   -0.00071893  0.00162073   -0.00394260 -0.00417058
 -0.00071893 -0.00162073    0.08291613  0.00000000    0.00318136 -0.00315707
 -0.00394260  0.00417058    0.00318136  0.00315707    0.10974216  0.00000000
    1    2
 -0.03269620 -0.00029031   -0.00166650  0.00057390   -0.00575225  0.02337165
 -0.00166650  0.00057390   -0.02312642  0.05270605    0.01424791  0.00339426
 -0.00575225  0.02337165    0.01424791  0.00339426   -0.00345481  0.00055603
    2    1
 -0.03269620  0.00029031   -0.00166650 -0.00057390   -0.00575225 -0.02337165
 -0.00166650 -0.00057390   -0.02312642 -0.05270605    0.01424791 -0.00339426
 -0.00575225 -0.02337165    0.01424791 -0.00339426   -0.00345481 -0.00055603
    2    2
  0.07559106  0.00000000   -0.00071893 -0.00162073   -0.00394260  0.00417058
 -0.00071893  0.00162073    0.08291613  0.00000000    0.00318136  0.00315707
 -0.00394260 -0.00417058    0.00318136 -0.00315707    0.10974216  0.00000000

     Dynamical  Matrix in cartesian axes

     q = (    0.250000000   0.125000000   0.695648599 ) 

    1    1
  0.07559106  0.00000000    0.00071893  0.00162073    0.00394260 -0.00417058
  0.00071893 -0.00162073    0.08291613  0.00000000    0.00318136  0.00315707
  0.00394260  0.00417058    0.00318136 -0.00315707    0.10974216 -0.00000000
    1    2
 -0.00029031 -0.03269620   -0.00057390  0.00166650   -0.02337165  0.00575225
 -0.00057390  0.00166650    0.05270605 -0.02312642    0.00339426  0.01424791
 -0.02337165  0.00575225    0.00339426  0.01424791    0.00055603 -0.00345481
    2    1
 -0.00029031  0.03269620   -0.00057390 -0.00166650   -0.02337165 -0.00575225
 -0.00057390 -0.00166650    0.05270605  0.02312642    0.00339426 -0.01424791
 -0.02337165 -0.00575225    0.00339426 -0.01424791    0.00055603  0.00345481
    2    2
  0.07559106  0.00000000    0.00071893 -0.00162073    0.00394260  0.00417058
  0.00071893  0.00162073    0.08291613  0.00000000    0.00318136 -0.00315707
  0.00394260 -0.00417058    0.00318136  0.00315707    0.10974216  0.00000000

     Dynamical  Matrix in cartesian axes

     q = (   -0.125000000   0.250000000  -0.695648599 ) 

    1    1
  0.08291613  0.00000000   -0.00071893  0.00162073    0.00318136  0.00315707
 -0.00071893 -0.00162073    0.07559106  0.00000000   -0.00394260  0.00417058
  0.00318136 -0.00315707   -0.00394260 -0.00417058    0.10974216 -0.00000000
    1    2
 -0.02312642 -0.05270605   -0.00166650 -0.00057390    0.01424791 -0.00339426
 -0.00166650 -0.00057390   -0.03269620  0.00029031   -0.00575225 -0.02337165
  0.01424791 -0.00339426   -0.00575225 -0.02337165   -0.00345481 -0.00055603
    2    1
 -0.02312642  0.05270605   -0.00166650  0.00057390    0.01424791  0.00339426
 -0.00166650  0.00057390   -0.03269620 -0.00029031   -0.00575225  0.02337165
  0.01424791  0.00339426   -0.00575225  0.02337165   -0.00345481  0.00055603
    2    2
  0.08291613  0.00000000   -0.00071893 -0.00162073    0.00318136 -0.00315707
 -0.00071893  0.00162073    0.07559106  0.00000000   -0.00394260 -0.00417058
  0.00318136  0.00315707   -0.00394260  0.00417058    0.10974216  0.00000000

     Dynamical  Matrix in cartesian axes

     q = (   -0.250000000   0.125000000  -0.695648599 ) 

    1    1
  0.07559106  0.00000000   -0.00071893  0.00162073    0.00394260  0.00417058
 -0.00071893 -0.00162073    0.08291613  0.00000000   -0.00318136  0.00315707
  0.00394260 -0.00417058   -0.00318136 -0.00315707    0.10974216 -0.00000000
    1    2
 -0.03269620 -0.00029031   -0.00166650  0.00057390    0.00575225 -0.02337165
 -0.00166650  0.00057390   -0.02312642  0.05270605   -0.01424791 -0.00339426
  0.00575225 -0.02337165   -0.01424791 -0.00339426   -0.00345481  0.00055603
    2    1
 -0.03269620  0.00029031   -0.00166650 -0.00057390    0.00575225  0.02337165
 -0.00166650 -0.00057390   -0.02312642 -0.05270605   -0.01424791  0.00339426
  0.00575225  0.02337165   -0.01424791  0.00339426   -0.00345481 -0.00055603
    2    2
  0.07559106  0.00000000   -0.00071893 -0.00162073    0.00394260 -0.00417058
 -0.00071893  0.00162073    0.08291613  0.00000000   -0.00318136 -0.00315707
  0.00394260  0.00417058   -0.00318136  0.00315707    0.10974216  0.00000000

     Dynamical  Matrix in cartesian axes

     q = (    0.125000000   0.250000000   0.695648599 ) 

    1    1
  0.08291613  0.00000000    0.00071893  0.00162073    0.00318136 -0.00315707
  0.00071893 -0.00162073    0.07559106  0.00000000    0.00394260  0.00417058
  0.00318136  0.00315707    0.00394260 -0.00417058    0.10974216  0.00000000
    1    2
  0.02312642 -0.05270605   -0.00166650  0.00057390   -0.01424791 -0.00339426
 -0.00166650  0.00057390    0.03269620  0.00029031   -0.00575225  0.02337165
 -0.01424791 -0.00339426   -0.00575225  0.02337165    0.00345481 -0.00055603
    2    1
  0.02312642  0.05270605   -0.00166650 -0.00057390   -0.01424791  0.00339426
 -0.00166650 -0.00057390    0.03269620 -0.00029031   -0.00575225 -0.02337165
 -0.01424791  0.00339426   -0.00575225 -0.02337165    0.00345481  0.00055603
    2    2
  0.08291613  0.00000000    0.00071893 -0.00162073    0.00318136  0.00315707
  0.00071893  0.00162073    0.07559106  0.00000000    0.00394260 -0.00417058
  0.00318136 -0.00315707    0.00394260  0.00417058    0.10974216  0.00000000

     Dynamical  Matrix in cartesian axes

     q = (   -0.125000000  -0.250000000   0.695648599 ) 

    1    1
  0.08291613  0.00000000    0.00071893  0.00162073   -0.00318136  0.00315707
  0.00071893 -0.00162073    0.07559106  0.00000000   -0.00394260 -0.00417058
 -0.00318136 -0.00315707   -0.00394260  0.00417058    0.10974216  0.00000000
    1    2
  0.02091595  0.05362166    0.00077258 -0.00158421   -0.01247489  0.00767469
  0.00077258 -0.00158421   -0.02332498  0.02291443    0.01245880  0.02059371
 -0.01247489  0.00767469    0.01245880  0.02059371   -0.00204974  0.00283609
    2    1
  0.02091595 -0.05362166    0.00077258  0.00158421   -0.01247489 -0.00767469
  0.00077258  0.00158421   -0.02332498 -0.02291443    0.01245880 -0.02059371
 -0.01247489 -0.00767469    0.01245880 -0.02059371   -0.00204974 -0.00283609
    2    2
  0.08291613  0.00000000    0.00071893 -0.00162073   -0.00318136 -0.00315707
  0.00071893  0.00162073    0.07559106  0.00000000   -0.00394260  0.00417058
 -0.00318136  0.00315707   -0.00394260 -0.00417058    0.10974216  0.00000000

     Dynamical  Matrix in cartesian axes

     q = (   -0.250000000  -0.125000000   0.695648599 ) 

    1    1
  0.07559106  0.00000000    0.00071893  0.00162073   -0.00394260  0.00417058
  0.00071893 -0.00162073    0.08291613  0.00000000   -0.00318136 -0.00315707
 -0.00394260 -0.00417058   -0.00318136  0.00315707    0.10974216  0.00000000
    1    2
  0.00029031  0.03269620    0.00057390 -0.00166650   -0.02337165  0.00575225
  0.00057390 -0.00166650   -0.05270605  0.02312642    0.00339426  0.01424791
 -0.02337165  0.00575225    0.00339426  0.01424791   -0.00055603  0.00345481
    2    1
  0.00029031 -0.03269620    0.00057390  0.00166650   -0.02337165 -0.00575225
  0.00057390  0.00166650   -0.05270605 -0.02312642    0.00339426 -0.01424791
 -0.02337165 -0.00575225    0.00339426 -0.01424791   -0.00055603 -0.00345481
    2    2
  0.07559106  0.00000000    0.00071893 -0.00162073   -0.00394260 -0.00417058
  0.00071893  0.00162073    0.08291613  0.00000000   -0.00318136  0.00315707
 -0.00394260  0.00417058   -0.00318136 -0.00315707    0.10974216  0.00000000

     Diagonalizing the dynamical matrix

     q = (    0.125000000   0.250000000  -0.695648599 ) 

 **************************************************************************
     freq (    1) =       1.437704 [THz] =      47.956657 [cm-1]
 ( -0.609161 -0.274016  0.160047 -0.038633 -0.076464  0.144512 ) 
 ( -0.042693  0.666588  0.108999 -0.123398 -0.163495  0.000000 ) 
     freq (    2) =       1.816393 [THz] =      60.588335 [cm-1]
 (  0.119166 -0.131475  0.153101 -0.624581  0.218277 -0.085602 ) 
 ( -0.158941 -0.078892 -0.370566 -0.525568 -0.234462  0.000000 ) 
     freq (    3) =       2.994097 [THz] =      99.872342 [cm-1]
 (  0.036717 -0.122425 -0.375023  0.334779  0.393251  0.276223 ) 
 ( -0.040322  0.121285 -0.114457 -0.489509  0.480567  0.000000 ) 
     freq (    4) =       3.467070 [THz] =     115.649010 [cm-1]
 ( -0.158006 -0.252730 -0.299822  0.102050  0.556620 -0.032055 ) 
 (  0.143215 -0.261396  0.305194  0.084643 -0.557543  0.000000 ) 
     freq (    5) =       3.558902 [THz] =     118.712188 [cm-1]
 (  0.018600  0.169287 -0.070285  0.415838 -0.344632  0.417568 ) 
 ( -0.118723 -0.122102 -0.365453 -0.210488 -0.541419  0.000000 ) 
     freq (    6) =       3.827402 [THz] =     127.668391 [cm-1]
 ( -0.579525 -0.228746  0.128390 -0.109448 -0.091981  0.273684 ) 
 ( -0.032206 -0.622203 -0.144648  0.086833  0.288727  0.000000 ) 
 **************************************************************************
