Dynamical matrix file
                                                                           
  1    2  0 11.0780329  0.0000000  0.0000000  0.0000000  0.0000000  0.0000000
Basis vectors
      1.000000000    0.000000000    0.000000000
      0.000000000    1.000000000    0.000000000
      0.500000000    0.500000000    0.269532635
           1  'Sn  '    108197.54598352207     
    1    1      1.0000000000      1.2500000000      0.2021494763
    2    1      0.5000000000      0.2500000000      0.0673831588

     Dynamical  Matrix in cartesian axes

     q = (    0.000000000   0.125000000  -0.231882866 ) 

    1    1
  0.08784776  0.00000000    0.00000000  0.00000000    0.00000000  0.00000000
  0.00000000  0.00000000    0.07975487  0.00000000   -0.00209395  0.00126260
  0.00000000  0.00000000   -0.00209395 -0.00126260    0.03046923  0.00000000
    1    2
 -0.05638801 -0.05149520    0.00000000  0.00000000    0.00000000  0.00000000
  0.00000000  0.00000000   -0.06129727 -0.02785743    0.00280673 -0.00758045
  0.00000000  0.00000000    0.00280673 -0.00758045   -0.00872820 -0.00512073
    2    1
 -0.05638801  0.05149520    0.00000000  0.00000000    0.00000000  0.00000000
  0.00000000  0.00000000   -0.06129727  0.02785743    0.00280673  0.00758045
  0.00000000  0.00000000    0.00280673  0.00758045   -0.00872820  0.00512073
    2    2
  0.08784776  0.00000000    0.00000000  0.00000000    0.00000000  0.00000000
  0.00000000  0.00000000    0.07975487  0.00000000   -0.00209395 -0.00126260
  0.00000000  0.00000000   -0.00209395  0.00126260    0.03046923  0.00000000

     Dynamical  Matrix in cartesian axes

     q = (    0.000000000  -0.125000000  -0.231882866 ) 

    1    1
  0.08784776  0.00000000    0.00000000  0.00000000    0.00000000  0.00000000
  0.00000000  0.00000000    0.07975487  0.00000000    0.00209395 -0.00126260
  0.00000000  0.00000000    0.00209395  0.00126260    0.03046923  0.00000000
    1    2
 -0.05149520  0.05638801    0.00000000  0.00000000    0.00000000  0.00000000
  0.00000000  0.00000000   -0.02785743  0.06129727    0.00758045  0.00280673
  0.00000000  0.00000000    0.00758045  0.00280673   -0.00512073  0.00872820
    2    1
 -0.05149520 -0.05638801    0.00000000  0.00000000    0.00000000  0.00000000
  0.00000000  0.00000000   -0.02785743 -0.06129727    0.00758045 -0.00280673
  0.00000000  0.00000000    0.00758045 -0.00280673   -0.00512073 -0.00872820
    2    2
  0.08784776  0.00000000    0.00000000  0.00000000    0.00000000  0.00000000
  0.00000000  0.00000000    0.07975487  0.00000000    0.00209395  0.00126260
  0.00000000  0.00000000    0.00209395 -0.00126260    0.03046923  0.00000000

     Dynamical  Matrix in cartesian axes

     q = (   -0.125000000   0.000000000  -0.231882866 ) 

    1    1
  0.07975487  0.00000000    0.00000000  0.00000000    0.00209395  0.00126260
  0.00000000  0.00000000    0.08784776  0.00000000    0.00000000  0.00000000
  0.00209395 -0.00126260    0.00000000  0.00000000    0.03046923  0.00000000
    1    2
 -0.06129727  0.02785743    0.00000000  0.00000000   -0.00280673 -0.00758045
  0.00000000  0.00000000   -0.05638801  0.05149520    0.00000000  0.00000000
 -0.00280673 -0.00758045    0.00000000  0.00000000   -0.00872820  0.00512073
    2    1
 -0.06129727 -0.02785743    0.00000000  0.00000000   -0.00280673  0.00758045
  0.00000000  0.00000000   -0.05638801 -0.05149520    0.00000000  0.00000000
 -0.00280673  0.00758045    0.00000000  0.00000000   -0.00872820 -0.00512073
    2    2
  0.07975487  0.00000000    0.00000000  0.00000000    0.00209395 -0.00126260
  0.00000000  0.00000000    0.08784776  0.00000000    0.00000000  0.00000000
  0.00209395  0.00126260    0.00000000  0.00000000    0.03046923  0.00000000

     Dynamical  Matrix in cartesian axes

     q = (    0.000000000   0.125000000   0.231882866 ) 

    1    1
  0.08784776  0.00000000    0.00000000  0.00000000    0.00000000  0.00000000
  0.00000000  0.00000000    0.07975487  0.00000000    0.00209395  0.00126260
  0.00000000  0.00000000    0.00209395 -0.00126260    0.03046923  0.00000000
    1    2
 -0.05149520 -0.05638801    0.00000000  0.00000000    0.00000000  0.00000000
  0.00000000  0.00000000   -0.02785743 -0.06129727    0.00758045 -0.00280673
  0.00000000  0.00000000    0.00758045 -0.00280673   -0.00512073 -0.00872820
    2    1
 -0.05149520  0.05638801    0.00000000  0.00000000    0.00000000  0.00000000
  0.00000000  0.00000000   -0.02785743  0.06129727    0.00758045  0.00280673
  0.00000000  0.00000000    0.00758045  0.00280673   -0.00512073  0.00872820
    2    2
  0.08784776  0.00000000    0.00000000  0.00000000    0.00000000  0.00000000
  0.00000000  0.00000000    0.07975487  0.00000000    0.00209395 -0.00126260
  0.00000000  0.00000000    0.00209395  0.00126260    0.03046923  0.00000000

     Dynamical  Matrix in cartesian axes

     q = (    0.000000000  -0.125000000   0.231882866 ) 

    1    1
  0.08784776  0.00000000    0.00000000  0.00000000    0.00000000  0.00000000
  0.00000000  0.00000000    0.07975487  0.00000000   -0.00209395 -0.00126260
  0.00000000  0.00000000   -0.00209395  0.00126260    0.03046923  0.00000000
    1    2
 -0.05638801  0.05149520    0.00000000  0.00000000    0.00000000  0.00000000
  0.00000000  0.00000000   -0.06129727  0.02785743    0.00280673  0.00758045
  0.00000000  0.00000000    0.00280673  0.00758045   -0.00872820  0.00512073
    2    1
 -0.05638801 -0.05149520    0.00000000  0.00000000    0.00000000  0.00000000
  0.00000000  0.00000000   -0.06129727 -0.02785743    0.00280673 -0.00758045
  0.00000000  0.00000000    0.00280673 -0.00758045   -0.00872820 -0.00512073
    2    2
  0.08784776  0.00000000    0.00000000  0.00000000    0.00000000  0.00000000
  0.00000000  0.00000000    0.07975487  0.00000000   -0.00209395  0.00126260
  0.00000000  0.00000000   -0.00209395 -0.00126260    0.03046923  0.00000000

     Dynamical  Matrix in cartesian axes

     q = (   -0.125000000   0.000000000   0.231882866 ) 

    1    1
  0.07975487  0.00000000    0.00000000  0.00000000   -0.00209395  0.00126260
  0.00000000  0.00000000    0.08784776  0.00000000    0.00000000  0.00000000
 -0.00209395 -0.00126260    0.00000000  0.00000000    0.03046923  0.00000000
    1    2
 -0.06304189  0.02364554    0.00000000  0.00000000   -0.00337553 -0.00734484
  0.00000000  0.00000000   -0.07628495  0.00345974    0.00000000  0.00000000
 -0.00337553 -0.00734484    0.00000000  0.00000000   -0.00979268  0.00255087
    2    1
 -0.06304189 -0.02364554    0.00000000  0.00000000   -0.00337553  0.00734484
  0.00000000  0.00000000   -0.07628495 -0.00345974    0.00000000  0.00000000
 -0.00337553  0.00734484    0.00000000  0.00000000   -0.00979268 -0.00255087
    2    2
  0.07975487  0.00000000    0.00000000  0.00000000   -0.00209395 -0.00126260
  0.00000000  0.00000000    0.08784776  0.00000000    0.00000000  0.00000000
 -0.00209395  0.00126260    0.00000000  0.00000000    0.03046923  0.00000000

     Dynamical  Matrix in cartesian axes

     q = (    0.125000000   0.000000000   0.231882866 ) 

    1    1
  0.07975487  0.00000000    0.00000000  0.00000000    0.00209395 -0.00126260
  0.00000000  0.00000000    0.08784776  0.00000000    0.00000000  0.00000000
  0.00209395  0.00126260    0.00000000  0.00000000    0.03046923  0.00000000
    1    2
 -0.06129727 -0.02785743    0.00000000  0.00000000   -0.00280673  0.00758045
  0.00000000  0.00000000   -0.05638801 -0.05149520    0.00000000  0.00000000
 -0.00280673  0.00758045    0.00000000  0.00000000   -0.00872820 -0.00512073
    2    1
 -0.06129727  0.02785743    0.00000000  0.00000000   -0.00280673 -0.00758045
  0.00000000  0.00000000   -0.05638801  0.05149520    0.00000000  0.00000000
 -0.00280673 -0.00758045    0.00000000  0.00000000   -0.00872820  0.00512073
    2    2
  0.07975487  0.00000000    0.00000000  0.00000000    0.00209395  0.00126260
  0.00000000  0.00000000    0.08784776  0.00000000    0.00000000  0.00000000
  0.00209395 -0.00126260    0.00000000  0.00000000    0.03046923  0.00000000

     Dynamical  Matrix in cartesian axes

     q = (    0.125000000   0.000000000  -0.231882866 ) 

    1    1
  0.07975487  0.00000000    0.00000000  0.00000000   -0.00209395 -0.00126260
  0.00000000  0.00000000    0.08784776  0.00000000    0.00000000  0.00000000
 -0.00209395  0.00126260    0.00000000  0.00000000    0.03046923  0.00000000
    1    2
 -0.06304189 -0.02364554    0.00000000  0.00000000   -0.00337553  0.00734484
  0.00000000  0.00000000   -0.07628495 -0.00345974    0.00000000  0.00000000
 -0.00337553  0.00734484    0.00000000  0.00000000   -0.00979268 -0.00255087
    2    1
 -0.06304189  0.02364554    0.00000000  0.00000000   -0.00337553 -0.00734484
  0.00000000  0.00000000   -0.07628495  0.00345974    0.00000000  0.00000000
 -0.00337553 -0.00734484    0.00000000  0.00000000   -0.00979268  0.00255087
    2    2
  0.07975487  0.00000000    0.00000000  0.00000000   -0.00209395  0.00126260
  0.00000000  0.00000000    0.08784776  0.00000000    0.00000000  0.00000000
 -0.00209395 -0.00126260    0.00000000  0.00000000    0.03046923  0.00000000

     Diagonalizing the dynamical matrix

     q = (    0.000000000   0.125000000  -0.231882866 ) 

 **************************************************************************
     freq (    1) =       0.941802 [THz] =      31.415134 [cm-1]
 ( -0.000000 -0.000000 -0.182017 -0.629318  0.138650 -0.227168 ) 
 ( -0.000000 -0.000000 -0.442345 -0.483221 -0.266137  0.000000 ) 
     freq (    2) =       1.071816 [THz] =      35.751941 [cm-1]
 ( -0.051388 -0.705237  0.000000  0.000000 -0.000000  0.000000 ) 
 ( -0.513518 -0.486106  0.000000  0.000000  0.000000  0.000000 ) 
     freq (    3) =       1.441775 [THz] =      48.092436 [cm-1]
 ( -0.000000  0.000000 -0.173571 -0.027493  0.653565  0.204865 ) 
 ( -0.000000  0.000000 -0.173848 -0.025682  0.684921  0.000000 ) 
     freq (    4) =       2.081918 [THz] =      69.445307 [cm-1]
 (  0.000000  0.000000  0.078565 -0.187863 -0.607909 -0.298298 ) 
 (  0.000000 -0.000000  0.012226 -0.203262  0.677152  0.000000 ) 
     freq (    5) =       3.840764 [THz] =     128.114090 [cm-1]
 ( -0.000000 -0.000000  0.442412 -0.550230  0.023239  0.031282 ) 
 (  0.000000  0.000000 -0.177866  0.683261  0.038970  0.000000 ) 
     freq (    6) =       4.052916 [THz] =     135.190731 [cm-1]
 ( -0.510135 -0.489656 -0.000000  0.000000 -0.000000 -0.000000 ) 
 (  0.706889  0.017564  0.000000 -0.000000 -0.000000  0.000000 ) 
 **************************************************************************
