Dynamical matrix file
                                                                           
  1    2  0 11.0780329  0.0000000  0.0000000  0.0000000  0.0000000  0.0000000
Basis vectors
      1.000000000    0.000000000    0.000000000
      0.000000000    1.000000000    0.000000000
      0.500000000    0.500000000    0.269532635
           1  'Sn  '    108197.54598352207     
    1    1      1.0000000000      1.2500000000      0.2021494763
    2    1      0.5000000000      0.2500000000      0.0673831588

     Dynamical  Matrix in cartesian axes

     q = (    0.375000000   0.375000000  -0.927531466 ) 

    1    1
  0.07836367  0.00000000   -0.00065702 -0.00957383   -0.00186351 -0.00164314
 -0.00065702  0.00957383    0.07836367  0.00000000   -0.00186351  0.00164314
 -0.00186351  0.00164314   -0.00186351 -0.00164314    0.10987075  0.00000000
    1    2
  0.00741976  0.00494452   -0.00327450  0.00135634    0.01081899 -0.02745349
 -0.00327450  0.00135634    0.00175026 -0.00874286    0.02706273  0.01176237
  0.01081899 -0.02745349    0.02706273  0.01176237    0.00364560 -0.00151006
    2    1
  0.00741976 -0.00494452   -0.00327450 -0.00135634    0.01081899  0.02745349
 -0.00327450 -0.00135634    0.00175026  0.00874286    0.02706273 -0.01176237
  0.01081899  0.02745349    0.02706273 -0.01176237    0.00364560  0.00151006
    2    2
  0.07836367  0.00000000   -0.00065702  0.00957383   -0.00186351  0.00164314
 -0.00065702 -0.00957383    0.07836367  0.00000000   -0.00186351 -0.00164314
 -0.00186351 -0.00164314   -0.00186351  0.00164314    0.10987075  0.00000000

     Dynamical  Matrix in cartesian axes

     q = (   -0.375000000  -0.375000000  -0.927531466 ) 

    1    1
  0.07836367  0.00000000   -0.00065702 -0.00957383    0.00186351  0.00164314
 -0.00065702  0.00957383    0.07836367  0.00000000    0.00186351 -0.00164314
  0.00186351 -0.00164314    0.00186351  0.00164314    0.10987075  0.00000000
    1    2
  0.00874286 -0.00175026   -0.00135634  0.00327450    0.01176237  0.02706273
 -0.00135634  0.00327450   -0.00494452 -0.00741976   -0.02745349  0.01081899
  0.01176237  0.02706273   -0.02745349  0.01081899    0.00151006 -0.00364560
    2    1
  0.00874286  0.00175026   -0.00135634 -0.00327450    0.01176237 -0.02706273
 -0.00135634 -0.00327450   -0.00494452  0.00741976   -0.02745349 -0.01081899
  0.01176237 -0.02706273   -0.02745349 -0.01081899    0.00151006  0.00364560
    2    2
  0.07836367  0.00000000   -0.00065702  0.00957383    0.00186351 -0.00164314
 -0.00065702 -0.00957383    0.07836367  0.00000000    0.00186351  0.00164314
  0.00186351  0.00164314    0.00186351 -0.00164314    0.10987075  0.00000000

     Dynamical  Matrix in cartesian axes

     q = (   -0.375000000   0.375000000   0.927531466 ) 

    1    1
  0.07836367  0.00000000    0.00065702 -0.00957383   -0.00186351  0.00164314
  0.00065702  0.00957383    0.07836367  0.00000000    0.00186351  0.00164314
 -0.00186351 -0.00164314    0.00186351 -0.00164314    0.10987075  0.00000000
    1    2
 -0.00494452 -0.00741976    0.00135634 -0.00327450    0.02745349 -0.01081899
  0.00135634 -0.00327450    0.00874286 -0.00175026    0.01176237  0.02706273
  0.02745349 -0.01081899    0.01176237  0.02706273    0.00151006 -0.00364560
    2    1
 -0.00494452  0.00741976    0.00135634  0.00327450    0.02745349  0.01081899
  0.00135634  0.00327450    0.00874286  0.00175026    0.01176237 -0.02706273
  0.02745349  0.01081899    0.01176237 -0.02706273    0.00151006  0.00364560
    2    2
  0.07836367  0.00000000    0.00065702  0.00957383   -0.00186351 -0.00164314
  0.00065702 -0.00957383    0.07836367  0.00000000    0.00186351 -0.00164314
 -0.00186351  0.00164314    0.00186351  0.00164314    0.10987075  0.00000000

     Dynamical  Matrix in cartesian axes

     q = (    0.375000000  -0.375000000   0.927531466 ) 

    1    1
  0.07836367  0.00000000    0.00065702 -0.00957383    0.00186351 -0.00164314
  0.00065702  0.00957383    0.07836367  0.00000000   -0.00186351 -0.00164314
  0.00186351  0.00164314   -0.00186351  0.00164314    0.10987075  0.00000000
    1    2
 -0.00175026  0.00874286   -0.00327450  0.00135634    0.02706273  0.01176237
 -0.00327450  0.00135634   -0.00741976 -0.00494452   -0.01081899  0.02745349
  0.02706273  0.01176237   -0.01081899  0.02745349   -0.00364560  0.00151006
    2    1
 -0.00175026 -0.00874286   -0.00327450 -0.00135634    0.02706273 -0.01176237
 -0.00327450 -0.00135634   -0.00741976  0.00494452   -0.01081899 -0.02745349
  0.02706273 -0.01176237   -0.01081899 -0.02745349   -0.00364560 -0.00151006
    2    2
  0.07836367  0.00000000    0.00065702  0.00957383    0.00186351  0.00164314
  0.00065702 -0.00957383    0.07836367  0.00000000   -0.00186351  0.00164314
  0.00186351 -0.00164314   -0.00186351 -0.00164314    0.10987075  0.00000000

     Dynamical  Matrix in cartesian axes

     q = (    0.375000000  -0.375000000  -0.927531466 ) 

    1    1
  0.07836367  0.00000000    0.00065702  0.00957383   -0.00186351 -0.00164314
  0.00065702 -0.00957383    0.07836367  0.00000000    0.00186351 -0.00164314
 -0.00186351  0.00164314    0.00186351  0.00164314    0.10987075  0.00000000
    1    2
 -0.00494452  0.00741976    0.00135634  0.00327450    0.02745349  0.01081899
  0.00135634  0.00327450    0.00874286  0.00175026    0.01176237 -0.02706273
  0.02745349  0.01081899    0.01176237 -0.02706273    0.00151006  0.00364560
    2    1
 -0.00494452 -0.00741976    0.00135634 -0.00327450    0.02745349 -0.01081899
  0.00135634 -0.00327450    0.00874286 -0.00175026    0.01176237  0.02706273
  0.02745349 -0.01081899    0.01176237  0.02706273    0.00151006 -0.00364560
    2    2
  0.07836367  0.00000000    0.00065702 -0.00957383   -0.00186351  0.00164314
  0.00065702  0.00957383    0.07836367  0.00000000    0.00186351  0.00164314
 -0.00186351 -0.00164314    0.00186351 -0.00164314    0.10987075  0.00000000

     Dynamical  Matrix in cartesian axes

     q = (    0.375000000   0.375000000   0.927531466 ) 

    1    1
  0.07836367  0.00000000   -0.00065702  0.00957383    0.00186351 -0.00164314
 -0.00065702 -0.00957383    0.07836367  0.00000000    0.00186351  0.00164314
  0.00186351  0.00164314    0.00186351 -0.00164314    0.10987075  0.00000000
    1    2
  0.00874286  0.00175026   -0.00135634 -0.00327450    0.01176237 -0.02706273
 -0.00135634 -0.00327450   -0.00494452  0.00741976   -0.02745349 -0.01081899
  0.01176237 -0.02706273   -0.02745349 -0.01081899    0.00151006  0.00364560
    2    1
  0.00874286 -0.00175026   -0.00135634  0.00327450    0.01176237  0.02706273
 -0.00135634  0.00327450   -0.00494452 -0.00741976   -0.02745349  0.01081899
  0.01176237  0.02706273   -0.02745349  0.01081899    0.00151006 -0.00364560
    2    2
  0.07836367  0.00000000   -0.00065702 -0.00957383    0.00186351  0.00164314
 -0.00065702  0.00957383    0.07836367  0.00000000    0.00186351 -0.00164314
  0.00186351 -0.00164314    0.00186351  0.00164314    0.10987075  0.00000000

     Dynamical  Matrix in cartesian axes

     q = (   -0.375000000   0.375000000  -0.927531466 ) 

    1    1
  0.07836367  0.00000000    0.00065702  0.00957383    0.00186351  0.00164314
  0.00065702 -0.00957383    0.07836367  0.00000000   -0.00186351  0.00164314
  0.00186351 -0.00164314   -0.00186351 -0.00164314    0.10987075  0.00000000
    1    2
 -0.00175026 -0.00874286   -0.00327450 -0.00135634    0.02706273 -0.01176237
 -0.00327450 -0.00135634   -0.00741976  0.00494452   -0.01081899 -0.02745349
  0.02706273 -0.01176237   -0.01081899 -0.02745349   -0.00364560 -0.00151006
    2    1
 -0.00175026  0.00874286   -0.00327450  0.00135634    0.02706273  0.01176237
 -0.00327450  0.00135634   -0.00741976 -0.00494452   -0.01081899  0.02745349
  0.02706273  0.01176237   -0.01081899  0.02745349   -0.00364560  0.00151006
    2    2
  0.07836367  0.00000000    0.00065702 -0.00957383    0.00186351 -0.00164314
  0.00065702  0.00957383    0.07836367  0.00000000   -0.00186351 -0.00164314
  0.00186351  0.00164314   -0.00186351  0.00164314    0.10987075  0.00000000

     Dynamical  Matrix in cartesian axes

     q = (   -0.375000000  -0.375000000   0.927531466 ) 

    1    1
  0.07836367  0.00000000   -0.00065702  0.00957383   -0.00186351  0.00164314
 -0.00065702 -0.00957383    0.07836367  0.00000000   -0.00186351 -0.00164314
 -0.00186351 -0.00164314   -0.00186351  0.00164314    0.10987075  0.00000000
    1    2
  0.00741976 -0.00494452   -0.00327450 -0.00135634    0.01081899  0.02745349
 -0.00327450 -0.00135634    0.00175026  0.00874286    0.02706273 -0.01176237
  0.01081899  0.02745349    0.02706273 -0.01176237    0.00364560  0.00151006
    2    1
  0.00741976  0.00494452   -0.00327450  0.00135634    0.01081899 -0.02745349
 -0.00327450  0.00135634    0.00175026 -0.00874286    0.02706273  0.01176237
  0.01081899 -0.02745349    0.02706273  0.01176237    0.00364560 -0.00151006
    2    2
  0.07836367  0.00000000   -0.00065702 -0.00957383   -0.00186351 -0.00164314
 -0.00065702  0.00957383    0.07836367  0.00000000   -0.00186351  0.00164314
 -0.00186351  0.00164314   -0.00186351 -0.00164314    0.10987075  0.00000000

     Diagonalizing the dynamical matrix

     q = (    0.375000000   0.375000000  -0.927531466 ) 

 **************************************************************************
     freq (    1) =       2.203574 [THz] =      73.503313 [cm-1]
 (  0.045328 -0.420924  0.329690  0.265587 -0.347576  0.143971 ) 
 (  0.202958  0.371537  0.202958 -0.371537 -0.376213  0.000000 ) 
     freq (    2) =       2.370202 [THz] =      79.061433 [cm-1]
 (  0.379648 -0.174774  0.392036 -0.144868  0.358582 -0.148530 ) 
 ( -0.417633 -0.016185 -0.417633  0.016185 -0.388126  0.000000 ) 
     freq (    3) =       2.627963 [THz] =      87.659421 [cm-1]
 (  0.302641  0.344550 -0.029634 -0.457633 -0.260310  0.107824 ) 
 ( -0.147750  0.434139 -0.147750 -0.434139  0.281757  0.000000 ) 
     freq (    4) =       2.722253 [THz] =      90.804592 [cm-1]
 ( -0.488608 -0.089074 -0.282513  0.408483  0.075370 -0.031219 ) 
 ( -0.417328  0.269276 -0.417328 -0.269276  0.081580  0.000000 ) 
     freq (    5) =       3.753291 [THz] =     125.196320 [cm-1]
 (  0.095954 -0.254733  0.247973  0.112273  0.547985 -0.226983 ) 
 (  0.186132  0.198622  0.186132 -0.198622  0.593134  0.000000 ) 
     freq (    6) =       3.802402 [THz] =     126.834487 [cm-1]
 (  0.119480 -0.317394  0.308917  0.139946 -0.480036  0.198837 ) 
 ( -0.231847 -0.247511 -0.231847  0.247511  0.519587  0.000000 ) 
 **************************************************************************
