Dynamical matrix file
                                                                           
  1    2  0 11.0780329  0.0000000  0.0000000  0.0000000  0.0000000  0.0000000
Basis vectors
      1.000000000    0.000000000    0.000000000
      0.000000000    1.000000000    0.000000000
      0.500000000    0.500000000    0.269532635
           1  'Sn  '    108197.54598352207     
    1    1      1.0000000000      1.2500000000      0.2021494763
    2    1      0.5000000000      0.2500000000      0.0673831588

     Dynamical  Matrix in cartesian axes

     q = (    0.375000000   0.375000000  -1.391297199 ) 

    1    1
  0.09317933  0.00000000   -0.00529367 -0.00380806   -0.00525843 -0.00080388
 -0.00529367  0.00380806    0.09317933  0.00000000   -0.00525843  0.00080388
 -0.00525843  0.00080388   -0.00525843 -0.00080388    0.07581001  0.00000000
    1    2
  0.02043854  0.00966565   -0.00101661  0.00101661    0.00229252 -0.02487504
 -0.00101661  0.00101661   -0.00966565 -0.02043854    0.02487504 -0.00229252
  0.00229252 -0.02487504    0.02487504 -0.00229252   -0.00131109  0.00131109
    2    1
  0.02043854 -0.00966565   -0.00101661 -0.00101661    0.00229252  0.02487504
 -0.00101661 -0.00101661   -0.00966565  0.02043854    0.02487504  0.00229252
  0.00229252  0.02487504    0.02487504  0.00229252   -0.00131109 -0.00131109
    2    2
  0.09317933  0.00000000   -0.00529367  0.00380806   -0.00525843  0.00080388
 -0.00529367 -0.00380806    0.09317933  0.00000000   -0.00525843 -0.00080388
 -0.00525843 -0.00080388   -0.00525843  0.00080388    0.07581001  0.00000000

     Dynamical  Matrix in cartesian axes

     q = (   -0.375000000  -0.375000000  -1.391297199 ) 

    1    1
  0.09317933  0.00000000   -0.00529367 -0.00380806    0.00525843  0.00080388
 -0.00529367  0.00380806    0.09317933  0.00000000    0.00525843 -0.00080388
  0.00525843 -0.00080388    0.00525843  0.00080388    0.07581001  0.00000000
    1    2
  0.02128688 -0.00761758    0.00000000  0.00143771    0.01596825  0.01921037
  0.00000000  0.00143771   -0.02128688 -0.00761758   -0.01596825  0.01921037
  0.01596825  0.01921037   -0.01596825  0.01921037   -0.00000000  0.00185417
    2    1
  0.02128688  0.00761758    0.00000000 -0.00143771    0.01596825 -0.01921037
  0.00000000 -0.00143771   -0.02128688  0.00761758   -0.01596825 -0.01921037
  0.01596825 -0.01921037   -0.01596825 -0.01921037   -0.00000000 -0.00185417
    2    2
  0.09317933  0.00000000   -0.00529367  0.00380806    0.00525843 -0.00080388
 -0.00529367 -0.00380806    0.09317933  0.00000000    0.00525843  0.00080388
  0.00525843  0.00080388    0.00525843 -0.00080388    0.07581001  0.00000000

     Dynamical  Matrix in cartesian axes

     q = (   -0.375000000   0.375000000   1.391297199 ) 

    1    1
  0.09317933  0.00000000    0.00529367 -0.00380806   -0.00525843  0.00080388
  0.00529367  0.00380806    0.09317933  0.00000000    0.00525843  0.00080388
 -0.00525843 -0.00080388    0.00525843 -0.00080388    0.07581001  0.00000000
    1    2
 -0.00966565 -0.02043854    0.00101661 -0.00101661    0.02487504 -0.00229252
  0.00101661 -0.00101661    0.02043854  0.00966565   -0.00229252  0.02487504
  0.02487504 -0.00229252   -0.00229252  0.02487504   -0.00131109  0.00131109
    2    1
 -0.00966565  0.02043854    0.00101661  0.00101661    0.02487504  0.00229252
  0.00101661  0.00101661    0.02043854 -0.00966565   -0.00229252 -0.02487504
  0.02487504  0.00229252   -0.00229252 -0.02487504   -0.00131109 -0.00131109
    2    2
  0.09317933  0.00000000    0.00529367  0.00380806   -0.00525843 -0.00080388
  0.00529367 -0.00380806    0.09317933  0.00000000    0.00525843 -0.00080388
 -0.00525843  0.00080388    0.00525843  0.00080388    0.07581001  0.00000000

     Dynamical  Matrix in cartesian axes

     q = (    0.375000000  -0.375000000   1.391297199 ) 

    1    1
  0.09317933  0.00000000    0.00529367 -0.00380806    0.00525843 -0.00080388
  0.00529367  0.00380806    0.09317933  0.00000000   -0.00525843 -0.00080388
  0.00525843  0.00080388   -0.00525843  0.00080388    0.07581001  0.00000000
    1    2
 -0.00761758  0.02128688   -0.00143771 -0.00000000    0.01921037  0.01596825
 -0.00143771  0.00000000   -0.00761758 -0.02128688   -0.01921037  0.01596825
  0.01921037  0.01596825   -0.01921037  0.01596825    0.00185417  0.00000000
    2    1
 -0.00761758 -0.02128688   -0.00143771  0.00000000    0.01921037 -0.01596825
 -0.00143771 -0.00000000   -0.00761758  0.02128688   -0.01921037 -0.01596825
  0.01921037 -0.01596825   -0.01921037 -0.01596825    0.00185417  0.00000000
    2    2
  0.09317933  0.00000000    0.00529367  0.00380806    0.00525843  0.00080388
  0.00529367 -0.00380806    0.09317933  0.00000000   -0.00525843  0.00080388
  0.00525843 -0.00080388   -0.00525843 -0.00080388    0.07581001  0.00000000

     Dynamical  Matrix in cartesian axes

     q = (    0.375000000  -0.375000000  -1.391297199 ) 

    1    1
  0.09317933  0.00000000    0.00529367  0.00380806   -0.00525843 -0.00080388
  0.00529367 -0.00380806    0.09317933  0.00000000    0.00525843 -0.00080388
 -0.00525843  0.00080388    0.00525843  0.00080388    0.07581001  0.00000000
    1    2
 -0.00966565  0.02043854    0.00101661  0.00101661    0.02487504  0.00229252
  0.00101661  0.00101661    0.02043854 -0.00966565   -0.00229252 -0.02487504
  0.02487504  0.00229252   -0.00229252 -0.02487504   -0.00131109 -0.00131109
    2    1
 -0.00966565 -0.02043854    0.00101661 -0.00101661    0.02487504 -0.00229252
  0.00101661 -0.00101661    0.02043854  0.00966565   -0.00229252  0.02487504
  0.02487504 -0.00229252   -0.00229252  0.02487504   -0.00131109  0.00131109
    2    2
  0.09317933  0.00000000    0.00529367 -0.00380806   -0.00525843  0.00080388
  0.00529367  0.00380806    0.09317933  0.00000000    0.00525843  0.00080388
 -0.00525843 -0.00080388    0.00525843 -0.00080388    0.07581001  0.00000000

     Dynamical  Matrix in cartesian axes

     q = (    0.375000000   0.375000000   1.391297199 ) 

    1    1
  0.09317933  0.00000000   -0.00529367  0.00380806    0.00525843 -0.00080388
 -0.00529367 -0.00380806    0.09317933  0.00000000    0.00525843  0.00080388
  0.00525843  0.00080388    0.00525843 -0.00080388    0.07581001  0.00000000
    1    2
  0.02128688  0.00761758    0.00000000 -0.00143771    0.01596825 -0.01921037
  0.00000000 -0.00143771   -0.02128688  0.00761758   -0.01596825 -0.01921037
  0.01596825 -0.01921037   -0.01596825 -0.01921037    0.00000000 -0.00185417
    2    1
  0.02128688 -0.00761758    0.00000000  0.00143771    0.01596825  0.01921037
  0.00000000  0.00143771   -0.02128688 -0.00761758   -0.01596825  0.01921037
  0.01596825  0.01921037   -0.01596825  0.01921037    0.00000000  0.00185417
    2    2
  0.09317933  0.00000000   -0.00529367 -0.00380806    0.00525843  0.00080388
 -0.00529367  0.00380806    0.09317933  0.00000000    0.00525843 -0.00080388
  0.00525843 -0.00080388    0.00525843  0.00080388    0.07581001  0.00000000

     Dynamical  Matrix in cartesian axes

     q = (   -0.375000000   0.375000000  -1.391297199 ) 

    1    1
  0.09317933  0.00000000    0.00529367  0.00380806    0.00525843  0.00080388
  0.00529367 -0.00380806    0.09317933  0.00000000   -0.00525843  0.00080388
  0.00525843 -0.00080388   -0.00525843 -0.00080388    0.07581001  0.00000000
    1    2
 -0.00761758 -0.02128688   -0.00143771 -0.00000000    0.01921037 -0.01596825
 -0.00143771 -0.00000000   -0.00761758  0.02128688   -0.01921037 -0.01596825
  0.01921037 -0.01596825   -0.01921037 -0.01596825    0.00185417 -0.00000000
    2    1
 -0.00761758  0.02128688   -0.00143771  0.00000000    0.01921037  0.01596825
 -0.00143771  0.00000000   -0.00761758 -0.02128688   -0.01921037  0.01596825
  0.01921037  0.01596825   -0.01921037  0.01596825    0.00185417  0.00000000
    2    2
  0.09317933  0.00000000    0.00529367 -0.00380806    0.00525843 -0.00080388
  0.00529367  0.00380806    0.09317933  0.00000000   -0.00525843 -0.00080388
  0.00525843  0.00080388   -0.00525843  0.00080388    0.07581001  0.00000000

     Dynamical  Matrix in cartesian axes

     q = (   -0.375000000  -0.375000000   1.391297199 ) 

    1    1
  0.09317933  0.00000000   -0.00529367  0.00380806   -0.00525843  0.00080388
 -0.00529367 -0.00380806    0.09317933  0.00000000   -0.00525843 -0.00080388
 -0.00525843 -0.00080388   -0.00525843  0.00080388    0.07581001  0.00000000
    1    2
  0.02043854 -0.00966565   -0.00101661 -0.00101661    0.00229252  0.02487504
 -0.00101661 -0.00101661   -0.00966565  0.02043854    0.02487504  0.00229252
  0.00229252  0.02487504    0.02487504  0.00229252   -0.00131109 -0.00131109
    2    1
  0.02043854  0.00966565   -0.00101661  0.00101661    0.00229252 -0.02487504
 -0.00101661  0.00101661   -0.00966565 -0.02043854    0.02487504 -0.00229252
  0.00229252 -0.02487504    0.02487504 -0.00229252   -0.00131109  0.00131109
    2    2
  0.09317933  0.00000000   -0.00529367 -0.00380806   -0.00525843 -0.00080388
 -0.00529367  0.00380806    0.09317933  0.00000000   -0.00525843  0.00080388
 -0.00525843  0.00080388   -0.00525843 -0.00080388    0.07581001  0.00000000

     Diagonalizing the dynamical matrix

     q = (    0.375000000   0.375000000  -1.391297199 ) 

 **************************************************************************
     freq (    1) =       2.078403 [THz] =      69.328071 [cm-1]
 (  0.027507  0.352027 -0.352027 -0.027507  0.354006 -0.354006 ) 
 ( -0.229470 -0.268371 -0.229470  0.268371  0.500640  0.000000 ) 
     freq (    2) =       2.120842 [THz] =      70.743685 [cm-1]
 ( -0.258846  0.234442 -0.234442  0.258846 -0.357821  0.357821 ) 
 (  0.348807 -0.017256  0.348807  0.017256  0.506035  0.000000 ) 
     freq (    3) =       2.790335 [THz] =      93.075569 [cm-1]
 ( -0.425593 -0.098860  0.098860  0.425593  0.243100 -0.243100 ) 
 (  0.231035 -0.370844  0.231035  0.370844 -0.343795  0.000000 ) 
     freq (    4) =       3.237909 [THz] =     108.005016 [cm-1]
 ( -0.036836  0.355008 -0.355008  0.036836 -0.350161  0.350161 ) 
 ( -0.277075 -0.224982 -0.277075  0.224982 -0.495202  0.000000 ) 
     freq (    5) =       3.308770 [THz] =     110.368687 [cm-1]
 ( -0.497882 -0.006817  0.006817  0.497882  0.045465 -0.045465 ) 
 ( -0.347236  0.356876 -0.347236 -0.356876  0.064297  0.000000 ) 
     freq (    6) =       3.796582 [THz] =     126.640342 [cm-1]
 ( -0.043237 -0.430423  0.430423  0.043237 -0.250733  0.250733 ) 
 ( -0.273782 -0.334928 -0.273782  0.334928  0.354590 -0.000000 ) 
 **************************************************************************
