Dynamical matrix file
                                                                           
  1    2  0 11.0780329  0.0000000  0.0000000  0.0000000  0.0000000  0.0000000
Basis vectors
      1.000000000    0.000000000    0.000000000
      0.000000000    1.000000000    0.000000000
      0.500000000    0.500000000    0.269532635
           1  'Sn  '    108197.54598352207     
    1    1      1.0000000000      1.2500000000      0.2021494763
    2    1      0.5000000000      0.2500000000      0.0673831588

     Dynamical  Matrix in cartesian axes

     q = (    0.125000000   0.250000000  -2.550711531 ) 

    1    1
  0.08849953  0.00000000   -0.00187590  0.00094039    0.00167295 -0.00385868
 -0.00187590 -0.00094039    0.08485734  0.00000000    0.00386399  0.00283820
  0.00167295  0.00385868    0.00386399 -0.00283820    0.09758741  0.00000000
    1    2
  0.02058402 -0.06960313   -0.00007108 -0.00101006   -0.00801619 -0.00882260
 -0.00007108 -0.00101006    0.03150615  0.04098177   -0.01188020  0.02067780
 -0.00801619 -0.00882260   -0.01188020  0.02067780    0.00365002  0.00409325
    2    1
  0.02058402  0.06960313   -0.00007108  0.00101006   -0.00801619  0.00882260
 -0.00007108  0.00101006    0.03150615 -0.04098177   -0.01188020 -0.02067780
 -0.00801619  0.00882260   -0.01188020 -0.02067780    0.00365002 -0.00409325
    2    2
  0.08849953  0.00000000   -0.00187590 -0.00094039    0.00167295  0.00385868
 -0.00187590  0.00094039    0.08485734  0.00000000    0.00386399 -0.00283820
  0.00167295 -0.00385868    0.00386399  0.00283820    0.09758741 -0.00000000

     Dynamical  Matrix in cartesian axes

     q = (    0.250000000   0.125000000  -2.550711531 ) 

    1    1
  0.08485734  0.00000000   -0.00187590  0.00094039    0.00386399 -0.00283820
 -0.00187590 -0.00094039    0.08849953  0.00000000    0.00167295  0.00385868
  0.00386399  0.00283820    0.00167295 -0.00385868    0.09758741 -0.00000000
    1    2
 -0.00670028 -0.05125670    0.00066396  0.00076448   -0.02302198 -0.00622084
  0.00066396  0.00076448    0.06377195  0.03466175    0.00057022  0.01190682
 -0.02302198 -0.00622084    0.00057022  0.01190682   -0.00031341 -0.00547532
    2    1
 -0.00670028  0.05125670    0.00066396 -0.00076448   -0.02302198  0.00622084
  0.00066396 -0.00076448    0.06377195 -0.03466175    0.00057022 -0.01190682
 -0.02302198  0.00622084    0.00057022 -0.01190682   -0.00031341  0.00547532
    2    2
  0.08485734  0.00000000   -0.00187590 -0.00094039    0.00386399  0.00283820
 -0.00187590  0.00094039    0.08849953  0.00000000    0.00167295 -0.00385868
  0.00386399 -0.00283820    0.00167295  0.00385868    0.09758741  0.00000000

     Dynamical  Matrix in cartesian axes

     q = (   -0.125000000  -0.250000000  -2.550711531 ) 

    1    1
  0.08849953  0.00000000   -0.00187590  0.00094039   -0.00167295  0.00385868
 -0.00187590 -0.00094039    0.08485734  0.00000000   -0.00386399 -0.00283820
 -0.00167295 -0.00385868   -0.00386399  0.00283820    0.09758741  0.00000000
    1    2
  0.03466175  0.06377195    0.00076448  0.00066396   -0.01190682 -0.00057022
  0.00076448  0.00066396   -0.05125670 -0.00670028    0.00622084  0.02302198
 -0.01190682 -0.00057022    0.00622084  0.02302198   -0.00547532 -0.00031341
    2    1
  0.03466175 -0.06377195    0.00076448 -0.00066396   -0.01190682  0.00057022
  0.00076448 -0.00066396   -0.05125670  0.00670028    0.00622084 -0.02302198
 -0.01190682  0.00057022    0.00622084 -0.02302198   -0.00547532  0.00031341
    2    2
  0.08849953  0.00000000   -0.00187590 -0.00094039   -0.00167295 -0.00385868
 -0.00187590  0.00094039    0.08485734  0.00000000   -0.00386399  0.00283820
 -0.00167295  0.00385868   -0.00386399 -0.00283820    0.09758741 -0.00000000

     Dynamical  Matrix in cartesian axes

     q = (   -0.250000000  -0.125000000  -2.550711531 ) 

    1    1
  0.08485734  0.00000000   -0.00187590  0.00094039   -0.00386399  0.00283820
 -0.00187590 -0.00094039    0.08849953  0.00000000   -0.00167295 -0.00385868
 -0.00386399 -0.00283820   -0.00167295  0.00385868    0.09758741 -0.00000000
    1    2
  0.00670028  0.05125670   -0.00066396 -0.00076448   -0.02302198 -0.00622084
 -0.00066396 -0.00076448   -0.06377195 -0.03466175    0.00057022  0.01190682
 -0.02302198 -0.00622084    0.00057022  0.01190682    0.00031341  0.00547532
    2    1
  0.00670028 -0.05125670   -0.00066396  0.00076448   -0.02302198  0.00622084
 -0.00066396  0.00076448   -0.06377195  0.03466175    0.00057022 -0.01190682
 -0.02302198  0.00622084    0.00057022 -0.01190682    0.00031341 -0.00547532
    2    2
  0.08485734  0.00000000   -0.00187590 -0.00094039   -0.00386399 -0.00283820
 -0.00187590  0.00094039    0.08849953  0.00000000   -0.00167295  0.00385868
 -0.00386399  0.00283820   -0.00167295 -0.00385868    0.09758741  0.00000000

     Dynamical  Matrix in cartesian axes

     q = (   -0.125000000   0.250000000   2.550711531 ) 

    1    1
  0.08849953  0.00000000    0.00187590  0.00094039    0.00167295  0.00385868
  0.00187590 -0.00094039    0.08485734  0.00000000   -0.00386399  0.00283820
  0.00167295 -0.00385868   -0.00386399 -0.00283820    0.09758741 -0.00000000
    1    2
 -0.02058402 -0.06960313   -0.00007108  0.00101006    0.00801619 -0.00882260
 -0.00007108  0.00101006   -0.03150615  0.04098177   -0.01188020 -0.02067780
  0.00801619 -0.00882260   -0.01188020 -0.02067780   -0.00365002  0.00409325
    2    1
 -0.02058402  0.06960313   -0.00007108 -0.00101006    0.00801619  0.00882260
 -0.00007108 -0.00101006   -0.03150615 -0.04098177   -0.01188020  0.02067780
  0.00801619  0.00882260   -0.01188020  0.02067780   -0.00365002 -0.00409325
    2    2
  0.08849953  0.00000000    0.00187590 -0.00094039    0.00167295 -0.00385868
  0.00187590  0.00094039    0.08485734  0.00000000   -0.00386399 -0.00283820
  0.00167295  0.00385868   -0.00386399  0.00283820    0.09758741  0.00000000

     Dynamical  Matrix in cartesian axes

     q = (    0.125000000  -0.250000000   2.550711531 ) 

    1    1
  0.08849953  0.00000000    0.00187590  0.00094039   -0.00167295 -0.00385868
  0.00187590 -0.00094039    0.08485734  0.00000000    0.00386399 -0.00283820
 -0.00167295  0.00385868    0.00386399  0.00283820    0.09758741 -0.00000000
    1    2
 -0.03466175  0.06377195    0.00076448 -0.00066396    0.01190682 -0.00057022
  0.00076448 -0.00066396    0.05125670 -0.00670028    0.00622084 -0.02302198
  0.01190682 -0.00057022    0.00622084 -0.02302198    0.00547532 -0.00031341
    2    1
 -0.03466175 -0.06377195    0.00076448  0.00066396    0.01190682  0.00057022
  0.00076448  0.00066396    0.05125670  0.00670028    0.00622084  0.02302198
  0.01190682  0.00057022    0.00622084  0.02302198    0.00547532  0.00031341
    2    2
  0.08849953  0.00000000    0.00187590 -0.00094039   -0.00167295  0.00385868
  0.00187590  0.00094039    0.08485734  0.00000000    0.00386399  0.00283820
 -0.00167295 -0.00385868    0.00386399 -0.00283820    0.09758741  0.00000000

     Dynamical  Matrix in cartesian axes

     q = (   -0.250000000   0.125000000   2.550711531 ) 

    1    1
  0.08485734  0.00000000    0.00187590  0.00094039    0.00386399  0.00283820
  0.00187590 -0.00094039    0.08849953  0.00000000   -0.00167295  0.00385868
  0.00386399 -0.00283820   -0.00167295 -0.00385868    0.09758741  0.00000000
    1    2
 -0.05125670 -0.00670028   -0.00076448 -0.00066396   -0.00622084 -0.02302198
 -0.00076448 -0.00066396    0.03466175  0.06377195   -0.01190682 -0.00057022
 -0.00622084 -0.02302198   -0.01190682 -0.00057022   -0.00547532 -0.00031341
    2    1
 -0.05125670  0.00670028   -0.00076448  0.00066396   -0.00622084  0.02302198
 -0.00076448  0.00066396    0.03466175 -0.06377195   -0.01190682  0.00057022
 -0.00622084  0.02302198   -0.01190682  0.00057022   -0.00547532  0.00031341
    2    2
  0.08485734  0.00000000    0.00187590 -0.00094039    0.00386399 -0.00283820
  0.00187590  0.00094039    0.08849953  0.00000000   -0.00167295 -0.00385868
  0.00386399  0.00283820   -0.00167295  0.00385868    0.09758741 -0.00000000

     Dynamical  Matrix in cartesian axes

     q = (    0.250000000  -0.125000000   2.550711531 ) 

    1    1
  0.08485734  0.00000000    0.00187590  0.00094039   -0.00386399 -0.00283820
  0.00187590 -0.00094039    0.08849953  0.00000000    0.00167295 -0.00385868
 -0.00386399  0.00283820    0.00167295  0.00385868    0.09758741  0.00000000
    1    2
 -0.05125670 -0.00670028   -0.00076448 -0.00066396    0.00622084  0.02302198
 -0.00076448 -0.00066396    0.03466175  0.06377195    0.01190682  0.00057022
  0.00622084  0.02302198    0.01190682  0.00057022   -0.00547532 -0.00031341
    2    1
 -0.05125670  0.00670028   -0.00076448  0.00066396    0.00622084 -0.02302198
 -0.00076448  0.00066396    0.03466175 -0.06377195    0.01190682 -0.00057022
  0.00622084 -0.02302198    0.01190682 -0.00057022   -0.00547532  0.00031341
    2    2
  0.08485734  0.00000000    0.00187590 -0.00094039   -0.00386399  0.00283820
  0.00187590  0.00094039    0.08849953  0.00000000    0.00167295  0.00385868
 -0.00386399 -0.00283820    0.00167295 -0.00385868    0.09758741 -0.00000000

     Dynamical  Matrix in cartesian axes

     q = (    0.125000000  -0.250000000  -2.550711531 ) 

    1    1
  0.08849953  0.00000000    0.00187590 -0.00094039    0.00167295 -0.00385868
  0.00187590  0.00094039    0.08485734  0.00000000   -0.00386399 -0.00283820
  0.00167295  0.00385868   -0.00386399  0.00283820    0.09758741  0.00000000
    1    2
 -0.02058402  0.06960313   -0.00007108 -0.00101006    0.00801619  0.00882260
 -0.00007108 -0.00101006   -0.03150615 -0.04098177   -0.01188020  0.02067780
  0.00801619  0.00882260   -0.01188020  0.02067780   -0.00365002 -0.00409325
    2    1
 -0.02058402 -0.06960313   -0.00007108  0.00101006    0.00801619 -0.00882260
 -0.00007108  0.00101006   -0.03150615  0.04098177   -0.01188020 -0.02067780
  0.00801619 -0.00882260   -0.01188020 -0.02067780   -0.00365002  0.00409325
    2    2
  0.08849953  0.00000000    0.00187590  0.00094039    0.00167295  0.00385868
  0.00187590 -0.00094039    0.08485734  0.00000000   -0.00386399  0.00283820
  0.00167295 -0.00385868   -0.00386399 -0.00283820    0.09758741 -0.00000000

     Dynamical  Matrix in cartesian axes

     q = (    0.250000000  -0.125000000  -2.550711531 ) 

    1    1
  0.08485734  0.00000000    0.00187590 -0.00094039    0.00386399 -0.00283820
  0.00187590  0.00094039    0.08849953  0.00000000   -0.00167295 -0.00385868
  0.00386399  0.00283820   -0.00167295  0.00385868    0.09758741 -0.00000000
    1    2
 -0.05125670  0.00670028   -0.00076448  0.00066396   -0.00622084  0.02302198
 -0.00076448  0.00066396    0.03466175 -0.06377195   -0.01190682  0.00057022
 -0.00622084  0.02302198   -0.01190682  0.00057022   -0.00547532  0.00031341
    2    1
 -0.05125670 -0.00670028   -0.00076448 -0.00066396   -0.00622084 -0.02302198
 -0.00076448 -0.00066396    0.03466175  0.06377195   -0.01190682 -0.00057022
 -0.00622084 -0.02302198   -0.01190682 -0.00057022   -0.00547532 -0.00031341
    2    2
  0.08485734  0.00000000    0.00187590  0.00094039    0.00386399  0.00283820
  0.00187590 -0.00094039    0.08849953  0.00000000   -0.00167295  0.00385868
  0.00386399 -0.00283820   -0.00167295 -0.00385868    0.09758741  0.00000000

     Dynamical  Matrix in cartesian axes

     q = (    0.250000000   0.125000000   2.550711531 ) 

    1    1
  0.08485734  0.00000000   -0.00187590 -0.00094039   -0.00386399 -0.00283820
 -0.00187590  0.00094039    0.08849953  0.00000000   -0.00167295  0.00385868
 -0.00386399  0.00283820   -0.00167295 -0.00385868    0.09758741  0.00000000
    1    2
  0.00670028 -0.05125670   -0.00066396  0.00076448   -0.02302198  0.00622084
 -0.00066396  0.00076448   -0.06377195  0.03466175    0.00057022 -0.01190682
 -0.02302198  0.00622084    0.00057022 -0.01190682    0.00031341 -0.00547532
    2    1
  0.00670028  0.05125670   -0.00066396 -0.00076448   -0.02302198 -0.00622084
 -0.00066396 -0.00076448   -0.06377195 -0.03466175    0.00057022  0.01190682
 -0.02302198 -0.00622084    0.00057022  0.01190682    0.00031341  0.00547532
    2    2
  0.08485734  0.00000000   -0.00187590  0.00094039   -0.00386399  0.00283820
 -0.00187590 -0.00094039    0.08849953  0.00000000   -0.00167295 -0.00385868
 -0.00386399 -0.00283820   -0.00167295  0.00385868    0.09758741 -0.00000000

     Dynamical  Matrix in cartesian axes

     q = (   -0.125000000   0.250000000  -2.550711531 ) 

    1    1
  0.08849953  0.00000000    0.00187590 -0.00094039   -0.00167295  0.00385868
  0.00187590  0.00094039    0.08485734  0.00000000    0.00386399  0.00283820
 -0.00167295 -0.00385868    0.00386399 -0.00283820    0.09758741  0.00000000
    1    2
 -0.03466175 -0.06377195    0.00076448  0.00066396    0.01190682  0.00057022
  0.00076448  0.00066396    0.05125670  0.00670028    0.00622084  0.02302198
  0.01190682  0.00057022    0.00622084  0.02302198    0.00547532  0.00031341
    2    1
 -0.03466175  0.06377195    0.00076448 -0.00066396    0.01190682 -0.00057022
  0.00076448 -0.00066396    0.05125670 -0.00670028    0.00622084 -0.02302198
  0.01190682 -0.00057022    0.00622084 -0.02302198    0.00547532 -0.00031341
    2    2
  0.08849953  0.00000000    0.00187590  0.00094039   -0.00167295 -0.00385868
  0.00187590 -0.00094039    0.08485734  0.00000000    0.00386399 -0.00283820
 -0.00167295  0.00385868    0.00386399  0.00283820    0.09758741 -0.00000000

     Dynamical  Matrix in cartesian axes

     q = (   -0.250000000   0.125000000  -2.550711531 ) 

    1    1
  0.08485734  0.00000000    0.00187590 -0.00094039   -0.00386399  0.00283820
  0.00187590  0.00094039    0.08849953  0.00000000    0.00167295  0.00385868
 -0.00386399 -0.00283820    0.00167295 -0.00385868    0.09758741 -0.00000000
    1    2
 -0.05125670  0.00670028   -0.00076448  0.00066396    0.00622084 -0.02302198
 -0.00076448  0.00066396    0.03466175 -0.06377195    0.01190682 -0.00057022
  0.00622084 -0.02302198    0.01190682 -0.00057022   -0.00547532  0.00031341
    2    1
 -0.05125670 -0.00670028   -0.00076448 -0.00066396    0.00622084  0.02302198
 -0.00076448 -0.00066396    0.03466175  0.06377195    0.01190682  0.00057022
  0.00622084  0.02302198    0.01190682  0.00057022   -0.00547532 -0.00031341
    2    2
  0.08485734  0.00000000    0.00187590  0.00094039   -0.00386399 -0.00283820
  0.00187590 -0.00094039    0.08849953  0.00000000    0.00167295 -0.00385868
 -0.00386399  0.00283820    0.00167295  0.00385868    0.09758741  0.00000000

     Dynamical  Matrix in cartesian axes

     q = (    0.125000000   0.250000000   2.550711531 ) 

    1    1
  0.08849953  0.00000000   -0.00187590 -0.00094039   -0.00167295 -0.00385868
 -0.00187590  0.00094039    0.08485734  0.00000000   -0.00386399  0.00283820
 -0.00167295  0.00385868   -0.00386399 -0.00283820    0.09758741 -0.00000000
    1    2
  0.03466175 -0.06377195    0.00076448 -0.00066396   -0.01190682  0.00057022
  0.00076448 -0.00066396   -0.05125670  0.00670028    0.00622084 -0.02302198
 -0.01190682  0.00057022    0.00622084 -0.02302198   -0.00547532  0.00031341
    2    1
  0.03466175  0.06377195    0.00076448  0.00066396   -0.01190682 -0.00057022
  0.00076448  0.00066396   -0.05125670 -0.00670028    0.00622084  0.02302198
 -0.01190682 -0.00057022    0.00622084  0.02302198   -0.00547532 -0.00031341
    2    2
  0.08849953  0.00000000   -0.00187590  0.00094039   -0.00167295  0.00385868
 -0.00187590 -0.00094039    0.08485734  0.00000000   -0.00386399 -0.00283820
 -0.00167295 -0.00385868   -0.00386399  0.00283820    0.09758741  0.00000000

     Dynamical  Matrix in cartesian axes

     q = (   -0.125000000  -0.250000000   2.550711531 ) 

    1    1
  0.08849953  0.00000000   -0.00187590 -0.00094039    0.00167295  0.00385868
 -0.00187590  0.00094039    0.08485734  0.00000000    0.00386399 -0.00283820
  0.00167295 -0.00385868    0.00386399  0.00283820    0.09758741 -0.00000000
    1    2
  0.02058402  0.06960313   -0.00007108  0.00101006   -0.00801619  0.00882260
 -0.00007108  0.00101006    0.03150615 -0.04098177   -0.01188020 -0.02067780
 -0.00801619  0.00882260   -0.01188020 -0.02067780    0.00365002 -0.00409325
    2    1
  0.02058402 -0.06960313   -0.00007108 -0.00101006   -0.00801619 -0.00882260
 -0.00007108 -0.00101006    0.03150615  0.04098177   -0.01188020  0.02067780
 -0.00801619 -0.00882260   -0.01188020  0.02067780    0.00365002  0.00409325
    2    2
  0.08849953  0.00000000   -0.00187590  0.00094039    0.00167295 -0.00385868
 -0.00187590 -0.00094039    0.08485734  0.00000000    0.00386399  0.00283820
  0.00167295  0.00385868    0.00386399 -0.00283820    0.09758741  0.00000000

     Dynamical  Matrix in cartesian axes

     q = (   -0.250000000  -0.125000000   2.550711531 ) 

    1    1
  0.08485734  0.00000000   -0.00187590 -0.00094039    0.00386399  0.00283820
 -0.00187590  0.00094039    0.08849953  0.00000000    0.00167295 -0.00385868
  0.00386399 -0.00283820    0.00167295  0.00385868    0.09758741  0.00000000
    1    2
 -0.00670028  0.05125670    0.00066396 -0.00076448   -0.02302198  0.00622084
  0.00066396 -0.00076448    0.06377195 -0.03466175    0.00057022 -0.01190682
 -0.02302198  0.00622084    0.00057022 -0.01190682   -0.00031341  0.00547532
    2    1
 -0.00670028 -0.05125670    0.00066396  0.00076448   -0.02302198 -0.00622084
  0.00066396  0.00076448    0.06377195  0.03466175    0.00057022  0.01190682
 -0.02302198 -0.00622084    0.00057022  0.01190682   -0.00031341 -0.00547532
    2    2
  0.08485734  0.00000000   -0.00187590  0.00094039    0.00386399 -0.00283820
 -0.00187590 -0.00094039    0.08849953  0.00000000    0.00167295  0.00385868
  0.00386399  0.00283820    0.00167295 -0.00385868    0.09758741 -0.00000000

     Diagonalizing the dynamical matrix

     q = (    0.125000000   0.250000000  -2.550711531 ) 

 **************************************************************************
     freq (    1) =       1.141332 [THz] =      38.070748 [cm-1]
 ( -0.563587 -0.391928 -0.028884  0.086603 -0.113118  0.087364 ) 
 ( -0.206478  0.654679 -0.075796 -0.050885 -0.142927  0.000000 ) 
     freq (    2) =       1.586549 [THz] =      52.921580 [cm-1]
 (  0.035131  0.114535 -0.455944  0.486801 -0.160321 -0.122818 ) 
 (  0.097541 -0.069558 -0.065901 -0.663715 -0.201958  0.000000 ) 
     freq (    3) =       2.889218 [THz] =      96.373941 [cm-1]
 ( -0.027304  0.103348  0.125923 -0.235311 -0.617975 -0.188288 ) 
 ( -0.004003  0.106819 -0.051873 -0.261796  0.646023  0.000000 ) 
     freq (    4) =       3.329557 [THz] =     111.062081 [cm-1]
 ( -0.075173 -0.063989 -0.221703  0.116860  0.647225  0.092442 ) 
 ( -0.083465  0.052717 -0.202952 -0.147033  0.653794  0.000000 ) 
     freq (    5) =       3.818661 [THz] =     127.376804 [cm-1]
 (  0.182753  0.092532 -0.075297  0.616754 -0.188543  0.190881 ) 
 ( -0.062595  0.195045  0.491704  0.379845  0.268298  0.000000 ) 
     freq (    6) =       4.045977 [THz] =     134.959272 [cm-1]
 (  0.375463  0.557050  0.083644 -0.140418  0.147522  0.015704 ) 
 ( -0.432321  0.514175 -0.068310 -0.148483 -0.148356  0.000000 ) 
 **************************************************************************
