Dynamical matrix file
                                                                           
  1    2  0 11.0780329  0.0000000  0.0000000  0.0000000  0.0000000  0.0000000
Basis vectors
      1.000000000    0.000000000    0.000000000
      0.000000000    1.000000000    0.000000000
      0.500000000    0.500000000    0.269532635
           1  'Sn  '    108197.54598352207     
    1    1      1.0000000000      1.2500000000      0.2021494763
    2    1      0.5000000000      0.2500000000      0.0673831588

     Dynamical  Matrix in cartesian axes

     q = (    0.250000000   0.250000000  -2.318828664 ) 

    1    1
  0.09556305  0.00000000   -0.00088270  0.00062953    0.00391517  0.00386822
 -0.00088270 -0.00062953    0.09556305  0.00000000    0.00391517 -0.00386822
  0.00391517 -0.00386822    0.00391517  0.00386822    0.08447385  0.00000000
    1    2
  0.03214987 -0.04184209   -0.00390233 -0.00161640   -0.00991921 -0.02026106
 -0.00390233 -0.00161640   -0.00685343  0.05232022   -0.02134067  0.00731279
 -0.00991921 -0.02026106   -0.02134067  0.00731279   -0.00208359 -0.00086305
    2    1
  0.03214987  0.04184209   -0.00390233  0.00161640   -0.00991921  0.02026106
 -0.00390233  0.00161640   -0.00685343 -0.05232022   -0.02134067 -0.00731279
 -0.00991921  0.02026106   -0.02134067 -0.00731279   -0.00208359  0.00086305
    2    2
  0.09556305  0.00000000   -0.00088270 -0.00062953    0.00391517 -0.00386822
 -0.00088270  0.00062953    0.09556305  0.00000000    0.00391517  0.00386822
  0.00391517  0.00386822    0.00391517 -0.00386822    0.08447385  0.00000000

     Dynamical  Matrix in cartesian axes

     q = (   -0.250000000  -0.250000000  -2.318828664 ) 

    1    1
  0.09556305  0.00000000   -0.00088270  0.00062953   -0.00391517 -0.00386822
 -0.00088270 -0.00062953    0.09556305  0.00000000   -0.00391517  0.00386822
 -0.00391517  0.00386822   -0.00391517 -0.00386822    0.08447385  0.00000000
    1    2
  0.04184209  0.03214987    0.00161640 -0.00390233   -0.02026106  0.00991921
  0.00161640 -0.00390233   -0.05232022 -0.00685343    0.00731279  0.02134067
 -0.02026106  0.00991921    0.00731279  0.02134067    0.00086305 -0.00208359
    2    1
  0.04184209 -0.03214987    0.00161640  0.00390233   -0.02026106 -0.00991921
  0.00161640  0.00390233   -0.05232022  0.00685343    0.00731279 -0.02134067
 -0.02026106 -0.00991921    0.00731279 -0.02134067    0.00086305  0.00208359
    2    2
  0.09556305  0.00000000   -0.00088270 -0.00062953   -0.00391517  0.00386822
 -0.00088270  0.00062953    0.09556305  0.00000000   -0.00391517 -0.00386822
 -0.00391517 -0.00386822   -0.00391517  0.00386822    0.08447385 -0.00000000

     Dynamical  Matrix in cartesian axes

     q = (   -0.250000000   0.250000000   2.318828664 ) 

    1    1
  0.09556305  0.00000000    0.00088270  0.00062953    0.00391517 -0.00386822
  0.00088270 -0.00062953    0.09556305  0.00000000   -0.00391517 -0.00386822
  0.00391517  0.00386822   -0.00391517  0.00386822    0.08447385  0.00000000
    1    2
 -0.03214987 -0.04184209   -0.00390233  0.00161640    0.00991921 -0.02026106
 -0.00390233  0.00161640    0.00685343  0.05232022   -0.02134067 -0.00731279
  0.00991921 -0.02026106   -0.02134067 -0.00731279    0.00208359 -0.00086305
    2    1
 -0.03214987  0.04184209   -0.00390233 -0.00161640    0.00991921  0.02026106
 -0.00390233 -0.00161640    0.00685343 -0.05232022   -0.02134067  0.00731279
  0.00991921  0.02026106   -0.02134067  0.00731279    0.00208359  0.00086305
    2    2
  0.09556305  0.00000000    0.00088270 -0.00062953    0.00391517  0.00386822
  0.00088270  0.00062953    0.09556305  0.00000000   -0.00391517  0.00386822
  0.00391517 -0.00386822   -0.00391517 -0.00386822    0.08447385 -0.00000000

     Dynamical  Matrix in cartesian axes

     q = (    0.250000000  -0.250000000   2.318828664 ) 

    1    1
  0.09556305  0.00000000    0.00088270  0.00062953   -0.00391517  0.00386822
  0.00088270 -0.00062953    0.09556305  0.00000000    0.00391517  0.00386822
 -0.00391517 -0.00386822    0.00391517 -0.00386822    0.08447385 -0.00000000
    1    2
 -0.04184209  0.03214987    0.00161640  0.00390233    0.02026106  0.00991921
  0.00161640  0.00390233    0.05232022 -0.00685343    0.00731279 -0.02134067
  0.02026106  0.00991921    0.00731279 -0.02134067   -0.00086305 -0.00208359
    2    1
 -0.04184209 -0.03214987    0.00161640 -0.00390233    0.02026106 -0.00991921
  0.00161640 -0.00390233    0.05232022  0.00685343    0.00731279  0.02134067
  0.02026106 -0.00991921    0.00731279  0.02134067   -0.00086305  0.00208359
    2    2
  0.09556305  0.00000000    0.00088270 -0.00062953   -0.00391517 -0.00386822
  0.00088270  0.00062953    0.09556305  0.00000000    0.00391517 -0.00386822
 -0.00391517  0.00386822    0.00391517  0.00386822    0.08447385  0.00000000

     Dynamical  Matrix in cartesian axes

     q = (    0.250000000  -0.250000000  -2.318828664 ) 

    1    1
  0.09556305  0.00000000    0.00088270 -0.00062953    0.00391517  0.00386822
  0.00088270  0.00062953    0.09556305  0.00000000   -0.00391517  0.00386822
  0.00391517 -0.00386822   -0.00391517 -0.00386822    0.08447385 -0.00000000
    1    2
 -0.03214987  0.04184209   -0.00390233 -0.00161640    0.00991921  0.02026106
 -0.00390233 -0.00161640    0.00685343 -0.05232022   -0.02134067  0.00731279
  0.00991921  0.02026106   -0.02134067  0.00731279    0.00208359  0.00086305
    2    1
 -0.03214987 -0.04184209   -0.00390233  0.00161640    0.00991921 -0.02026106
 -0.00390233  0.00161640    0.00685343  0.05232022   -0.02134067 -0.00731279
  0.00991921 -0.02026106   -0.02134067 -0.00731279    0.00208359 -0.00086305
    2    2
  0.09556305  0.00000000    0.00088270  0.00062953    0.00391517 -0.00386822
  0.00088270 -0.00062953    0.09556305  0.00000000   -0.00391517 -0.00386822
  0.00391517  0.00386822   -0.00391517  0.00386822    0.08447385  0.00000000

     Dynamical  Matrix in cartesian axes

     q = (    0.250000000   0.250000000   2.318828664 ) 

    1    1
  0.09556305  0.00000000   -0.00088270 -0.00062953   -0.00391517  0.00386822
 -0.00088270  0.00062953    0.09556305  0.00000000   -0.00391517 -0.00386822
 -0.00391517 -0.00386822   -0.00391517  0.00386822    0.08447385 -0.00000000
    1    2
  0.04184209 -0.03214987    0.00161640  0.00390233   -0.02026106 -0.00991921
  0.00161640  0.00390233   -0.05232022  0.00685343    0.00731279 -0.02134067
 -0.02026106 -0.00991921    0.00731279 -0.02134067    0.00086305  0.00208359
    2    1
  0.04184209  0.03214987    0.00161640 -0.00390233   -0.02026106  0.00991921
  0.00161640 -0.00390233   -0.05232022 -0.00685343    0.00731279  0.02134067
 -0.02026106  0.00991921    0.00731279  0.02134067    0.00086305 -0.00208359
    2    2
  0.09556305  0.00000000   -0.00088270  0.00062953   -0.00391517 -0.00386822
 -0.00088270 -0.00062953    0.09556305  0.00000000   -0.00391517  0.00386822
 -0.00391517  0.00386822   -0.00391517 -0.00386822    0.08447385  0.00000000

     Dynamical  Matrix in cartesian axes

     q = (   -0.250000000   0.250000000  -2.318828664 ) 

    1    1
  0.09556305  0.00000000    0.00088270 -0.00062953   -0.00391517 -0.00386822
  0.00088270  0.00062953    0.09556305  0.00000000    0.00391517 -0.00386822
 -0.00391517  0.00386822    0.00391517  0.00386822    0.08447385  0.00000000
    1    2
 -0.04184209 -0.03214987    0.00161640 -0.00390233    0.02026106 -0.00991921
  0.00161640 -0.00390233    0.05232022  0.00685343    0.00731279  0.02134067
  0.02026106 -0.00991921    0.00731279  0.02134067   -0.00086305  0.00208359
    2    1
 -0.04184209  0.03214987    0.00161640  0.00390233    0.02026106  0.00991921
  0.00161640  0.00390233    0.05232022 -0.00685343    0.00731279 -0.02134067
  0.02026106  0.00991921    0.00731279 -0.02134067   -0.00086305 -0.00208359
    2    2
  0.09556305  0.00000000    0.00088270  0.00062953   -0.00391517  0.00386822
  0.00088270 -0.00062953    0.09556305  0.00000000    0.00391517  0.00386822
 -0.00391517 -0.00386822    0.00391517 -0.00386822    0.08447385 -0.00000000

     Dynamical  Matrix in cartesian axes

     q = (   -0.250000000  -0.250000000   2.318828664 ) 

    1    1
  0.09556305  0.00000000   -0.00088270 -0.00062953    0.00391517 -0.00386822
 -0.00088270  0.00062953    0.09556305  0.00000000    0.00391517  0.00386822
  0.00391517  0.00386822    0.00391517 -0.00386822    0.08447385  0.00000000
    1    2
  0.03214987  0.04184209   -0.00390233  0.00161640   -0.00991921  0.02026106
 -0.00390233  0.00161640   -0.00685343 -0.05232022   -0.02134067 -0.00731279
 -0.00991921  0.02026106   -0.02134067 -0.00731279   -0.00208359  0.00086305
    2    1
  0.03214987 -0.04184209   -0.00390233 -0.00161640   -0.00991921 -0.02026106
 -0.00390233 -0.00161640   -0.00685343  0.05232022   -0.02134067  0.00731279
 -0.00991921 -0.02026106   -0.02134067  0.00731279   -0.00208359 -0.00086305
    2    2
  0.09556305  0.00000000   -0.00088270  0.00062953    0.00391517  0.00386822
 -0.00088270 -0.00062953    0.09556305  0.00000000    0.00391517 -0.00386822
  0.00391517 -0.00386822    0.00391517  0.00386822    0.08447385  0.00000000

     Diagonalizing the dynamical matrix

     q = (    0.250000000   0.250000000  -2.318828664 ) 

 **************************************************************************
     freq (    1) =       1.700049 [THz] =      56.707517 [cm-1]
 ( -0.129433 -0.438129 -0.401327  0.218281 -0.265493 -0.109971 ) 
 ( -0.287245  0.355247 -0.287245 -0.355247 -0.287368  0.000000 ) 
     freq (    2) =       2.103455 [THz] =      70.163692 [cm-1]
 ( -0.477583  0.078131 -0.282455 -0.392949  0.164285  0.068049 ) 
 (  0.411330  0.254947  0.411330 -0.254947 -0.177821  0.000000 ) 
     freq (    3) =       2.658421 [THz] =      88.675378 [cm-1]
 (  0.076811 -0.232259 -0.109918  0.218546  0.569751  0.235998 ) 
 (  0.017917 -0.243974  0.017917  0.243974 -0.616694  0.000000 ) 
     freq (    4) =       3.038532 [THz] =     101.354521 [cm-1]
 ( -0.011471 -0.207522 -0.154852  0.138629  0.594167  0.246112 ) 
 ( -0.090013  0.187336 -0.090013 -0.187336  0.643122  0.000000 ) 
     freq (    5) =       3.791431 [THz] =     126.468530 [cm-1]
 ( -0.482820  0.122383 -0.254868 -0.427943  0.057056  0.023633 ) 
 ( -0.399234 -0.297834 -0.399234  0.297834  0.061757  0.000000 ) 
     freq (    6) =       4.140932 [THz] =     138.126609 [cm-1]
 ( -0.126549 -0.435834 -0.397665  0.218698 -0.274174 -0.113566 ) 
 (  0.283702 -0.354230  0.283702  0.354230  0.296764  0.000000 ) 
 **************************************************************************
