Dynamical matrix file
                                                                           
  1    2  0 11.0780329  0.0000000  0.0000000  0.0000000  0.0000000  0.0000000
Basis vectors
      1.000000000    0.000000000    0.000000000
      0.000000000    1.000000000    0.000000000
      0.500000000    0.500000000    0.269532635
           1  'Sn  '    108197.54598352207     
    1    1      1.0000000000      1.2500000000      0.2021494763
    2    1      0.5000000000      0.2500000000      0.0673831588

     Dynamical  Matrix in cartesian axes

     q = (    0.125000000   0.375000000  -1.855062931 ) 

    1    1
  0.09626084  0.00000000   -0.00056938  0.00000000    0.00000000 -0.00069234
 -0.00056938  0.00000000    0.10739541  0.00000000    0.00000000 -0.00101336
  0.00000000  0.00069234    0.00000000  0.00101336    0.01731662  0.00000000
    1    2
  0.07658457 -0.03172237    0.00079912 -0.00033101   -0.00287065 -0.00693035
  0.00079912 -0.00033101   -0.03532931  0.01463388   -0.00467246 -0.01128032
 -0.00287065 -0.00693035   -0.00467246 -0.01128032    0.00089450 -0.00037052
    2    1
  0.07658457  0.03172237    0.00079912  0.00033101   -0.00287065  0.00693035
  0.00079912  0.00033101   -0.03532931 -0.01463388   -0.00467246  0.01128032
 -0.00287065  0.00693035   -0.00467246  0.01128032    0.00089450  0.00037052
    2    2
  0.09626084  0.00000000   -0.00056938  0.00000000    0.00000000  0.00069234
 -0.00056938  0.00000000    0.10739541  0.00000000    0.00000000  0.00101336
  0.00000000 -0.00069234    0.00000000 -0.00101336    0.01731662  0.00000000

     Dynamical  Matrix in cartesian axes

     q = (   -0.125000000  -0.375000000  -1.855062931 ) 

    1    1
  0.09626084  0.00000000   -0.00056938  0.00000000    0.00000000  0.00069234
 -0.00056938  0.00000000    0.10739541  0.00000000    0.00000000  0.00101336
  0.00000000 -0.00069234    0.00000000 -0.00101336    0.01731662  0.00000000
    1    2
  0.07658457  0.03172237    0.00079912  0.00033101   -0.00287065  0.00693035
  0.00079912  0.00033101   -0.03532931 -0.01463388   -0.00467246  0.01128032
 -0.00287065  0.00693035   -0.00467246  0.01128032    0.00089450  0.00037052
    2    1
  0.07658457 -0.03172237    0.00079912 -0.00033101   -0.00287065 -0.00693035
  0.00079912 -0.00033101   -0.03532931  0.01463388   -0.00467246 -0.01128032
 -0.00287065 -0.00693035   -0.00467246 -0.01128032    0.00089450 -0.00037052
    2    2
  0.09626084  0.00000000   -0.00056938  0.00000000    0.00000000 -0.00069234
 -0.00056938  0.00000000    0.10739541  0.00000000    0.00000000 -0.00101336
  0.00000000  0.00069234    0.00000000  0.00101336    0.01731662  0.00000000

     Dynamical  Matrix in cartesian axes

     q = (   -0.375000000  -0.125000000  -1.855062931 ) 

    1    1
  0.10739541  0.00000000   -0.00056938  0.00000000    0.00000000 -0.00101336
 -0.00056938  0.00000000    0.09626084  0.00000000    0.00000000 -0.00069234
  0.00000000  0.00101336    0.00000000  0.00069234    0.01731662  0.00000000
    1    2
  0.01463388  0.03532931   -0.00033101 -0.00079912   -0.01128032  0.00467246
 -0.00033101 -0.00079912   -0.03172237 -0.07658457   -0.00693035  0.00287065
 -0.01128032  0.00467246   -0.00693035  0.00287065   -0.00037052 -0.00089450
    2    1
  0.01463388 -0.03532931   -0.00033101  0.00079912   -0.01128032 -0.00467246
 -0.00033101  0.00079912   -0.03172237  0.07658457   -0.00693035 -0.00287065
 -0.01128032 -0.00467246   -0.00693035 -0.00287065   -0.00037052  0.00089450
    2    2
  0.10739541  0.00000000   -0.00056938  0.00000000    0.00000000  0.00101336
 -0.00056938  0.00000000    0.09626084  0.00000000    0.00000000  0.00069234
  0.00000000 -0.00101336    0.00000000 -0.00069234    0.01731662  0.00000000

     Dynamical  Matrix in cartesian axes

     q = (   -0.125000000   0.375000000   1.855062931 ) 

    1    1
  0.09626084  0.00000000    0.00056938  0.00000000   -0.00000000  0.00069234
  0.00056938  0.00000000    0.10739541  0.00000000    0.00000000 -0.00101336
 -0.00000000 -0.00069234    0.00000000  0.00101336    0.01731662  0.00000000
    1    2
  0.03172237 -0.07658457   -0.00033101  0.00079912    0.00693035  0.00287065
 -0.00033101  0.00079912   -0.01463388  0.03532931   -0.01128032 -0.00467246
  0.00693035  0.00287065   -0.01128032 -0.00467246    0.00037052 -0.00089450
    2    1
  0.03172237  0.07658457   -0.00033101 -0.00079912    0.00693035 -0.00287065
 -0.00033101 -0.00079912   -0.01463388 -0.03532931   -0.01128032  0.00467246
  0.00693035 -0.00287065   -0.01128032  0.00467246    0.00037052  0.00089450
    2    2
  0.09626084  0.00000000    0.00056938  0.00000000   -0.00000000 -0.00069234
  0.00056938  0.00000000    0.10739541  0.00000000    0.00000000  0.00101336
 -0.00000000  0.00069234    0.00000000 -0.00101336    0.01731662  0.00000000

     Dynamical  Matrix in cartesian axes

     q = (    0.125000000  -0.375000000   1.855062931 ) 

    1    1
  0.09626084  0.00000000    0.00056938  0.00000000   -0.00000000 -0.00069234
  0.00056938  0.00000000    0.10739541  0.00000000    0.00000000  0.00101336
 -0.00000000  0.00069234    0.00000000 -0.00101336    0.01731662  0.00000000
    1    2
  0.03172237  0.07658457   -0.00033101 -0.00079912    0.00693035 -0.00287065
 -0.00033101 -0.00079912   -0.01463388 -0.03532931   -0.01128032  0.00467246
  0.00693035 -0.00287065   -0.01128032  0.00467246    0.00037052  0.00089450
    2    1
  0.03172237 -0.07658457   -0.00033101  0.00079912    0.00693035  0.00287065
 -0.00033101  0.00079912   -0.01463388  0.03532931   -0.01128032 -0.00467246
  0.00693035  0.00287065   -0.01128032 -0.00467246    0.00037052 -0.00089450
    2    2
  0.09626084  0.00000000    0.00056938  0.00000000   -0.00000000  0.00069234
  0.00056938  0.00000000    0.10739541  0.00000000    0.00000000 -0.00101336
 -0.00000000 -0.00069234    0.00000000  0.00101336    0.01731662  0.00000000

     Dynamical  Matrix in cartesian axes

     q = (   -0.375000000   0.125000000   1.855062931 ) 

    1    1
  0.10739541  0.00000000    0.00056938  0.00000000    0.00000000 -0.00101336
  0.00056938  0.00000000    0.09626084  0.00000000   -0.00000000  0.00069234
  0.00000000  0.00101336   -0.00000000 -0.00069234    0.01731662  0.00000000
    1    2
 -0.03532931  0.01463388   -0.00079912  0.00033101   -0.00467246 -0.01128032
 -0.00079912  0.00033101    0.07658457 -0.03172237    0.00287065  0.00693035
 -0.00467246 -0.01128032    0.00287065  0.00693035    0.00089450 -0.00037052
    2    1
 -0.03532931 -0.01463388   -0.00079912 -0.00033101   -0.00467246  0.01128032
 -0.00079912 -0.00033101    0.07658457  0.03172237    0.00287065 -0.00693035
 -0.00467246  0.01128032    0.00287065 -0.00693035    0.00089450  0.00037052
    2    2
  0.10739541  0.00000000    0.00056938  0.00000000    0.00000000  0.00101336
  0.00056938  0.00000000    0.09626084  0.00000000   -0.00000000 -0.00069234
  0.00000000 -0.00101336   -0.00000000  0.00069234    0.01731662  0.00000000

     Dynamical  Matrix in cartesian axes

     q = (    0.375000000  -0.125000000   1.855062931 ) 

    1    1
  0.10739541  0.00000000    0.00056938  0.00000000    0.00000000  0.00101336
  0.00056938  0.00000000    0.09626084  0.00000000   -0.00000000 -0.00069234
  0.00000000 -0.00101336   -0.00000000  0.00069234    0.01731662  0.00000000
    1    2
 -0.03532931 -0.01463388   -0.00079912 -0.00033101   -0.00467246  0.01128032
 -0.00079912 -0.00033101    0.07658457  0.03172237    0.00287065 -0.00693035
 -0.00467246  0.01128032    0.00287065 -0.00693035    0.00089450  0.00037052
    2    1
 -0.03532931  0.01463388   -0.00079912  0.00033101   -0.00467246 -0.01128032
 -0.00079912  0.00033101    0.07658457 -0.03172237    0.00287065  0.00693035
 -0.00467246 -0.01128032    0.00287065  0.00693035    0.00089450 -0.00037052
    2    2
  0.10739541  0.00000000    0.00056938  0.00000000    0.00000000 -0.00101336
  0.00056938  0.00000000    0.09626084  0.00000000   -0.00000000  0.00069234
  0.00000000  0.00101336   -0.00000000 -0.00069234    0.01731662  0.00000000

     Dynamical  Matrix in cartesian axes

     q = (    0.375000000   0.125000000   1.855062931 ) 

    1    1
  0.10739541  0.00000000   -0.00056938  0.00000000    0.00000000  0.00101336
 -0.00056938  0.00000000    0.09626084  0.00000000    0.00000000  0.00069234
  0.00000000 -0.00101336    0.00000000 -0.00069234    0.01731662  0.00000000
    1    2
  0.01463388 -0.03532931   -0.00033101  0.00079912   -0.01128032 -0.00467246
 -0.00033101  0.00079912   -0.03172237  0.07658457   -0.00693035 -0.00287065
 -0.01128032 -0.00467246   -0.00693035 -0.00287065   -0.00037052  0.00089450
    2    1
  0.01463388  0.03532931   -0.00033101 -0.00079912   -0.01128032  0.00467246
 -0.00033101 -0.00079912   -0.03172237 -0.07658457   -0.00693035  0.00287065
 -0.01128032  0.00467246   -0.00693035  0.00287065   -0.00037052 -0.00089450
    2    2
  0.10739541  0.00000000   -0.00056938  0.00000000    0.00000000 -0.00101336
 -0.00056938  0.00000000    0.09626084  0.00000000    0.00000000 -0.00069234
  0.00000000  0.00101336    0.00000000  0.00069234    0.01731662  0.00000000

     Diagonalizing the dynamical matrix

     q = (    0.125000000   0.375000000  -1.855062931 ) 

 **************************************************************************
     freq (    1) =       0.816130 [THz] =      27.223181 [cm-1]
 (  0.210466  0.508109  0.018261  0.044086  0.408238 -0.169098 ) 
 ( -0.000000 -0.549973 -0.000000 -0.047719  0.441874  0.000000 ) 
     freq (    2) =       1.175253 [THz] =      39.202214 [cm-1]
 ( -0.010818 -0.026117 -0.053555 -0.129293  0.639826 -0.265025 ) 
 ( -0.000000 -0.028269  0.000000 -0.139946 -0.692543  0.000000 ) 
     freq (    3) =       1.537485 [THz] =      51.284973 [cm-1]
 ( -0.170077 -0.410602  0.020701  0.049977  0.505653 -0.209449 ) 
 ( -0.000000  0.444432  0.000000 -0.054094  0.547315  0.000000 ) 
     freq (    4) =       2.672600 [THz] =      89.148347 [cm-1]
 (  0.004104  0.009908 -0.265239 -0.640343 -0.128993  0.053431 ) 
 ( -0.000000  0.010724  0.000000 -0.693102  0.139621  0.000000 ) 
     freq (    5) =       3.834600 [THz] =     127.908499 [cm-1]
 ( -0.001198 -0.002893  0.269186  0.649873 -0.066580  0.027578 ) 
 ( -0.000000  0.003131  0.000000 -0.703418 -0.072066  0.000000 ) 
     freq (    6) =       4.236742 [THz] =     141.322487 [cm-1]
 (  0.270351  0.652684  0.001883  0.004547  0.027561 -0.011416 ) 
 (  0.000000  0.706460  0.000000  0.004922 -0.029831  0.000000 ) 
 **************************************************************************
