Dynamical matrix file
                                                                           
  1    2  0 11.0780329  0.0000000  0.0000000  0.0000000  0.0000000  0.0000000
Basis vectors
      1.000000000    0.000000000    0.000000000
      0.000000000    1.000000000    0.000000000
      0.500000000    0.500000000    0.269532635
           1  'Sn  '    108197.54598352207     
    1    1      1.0000000000      1.2500000000      0.2021494763
    2    1      0.5000000000      0.2500000000      0.0673831588

     Dynamical  Matrix in cartesian axes

     q = (    0.125000000   0.125000000   0.927531466 ) 

    1    1
  0.08238450  0.00000000   -0.00031051  0.00389899    0.00366339 -0.00582857
 -0.00031051 -0.00389899    0.08238450  0.00000000    0.00366339  0.00582857
  0.00366339  0.00582857    0.00366339 -0.00582857    0.09955326  0.00000000
    1    2
 -0.03009829 -0.05564329   -0.00076290  0.00184179   -0.01136085  0.00290142
 -0.00076290  0.00184179    0.06062845 -0.01806304    0.00598172  0.01008494
 -0.01136085  0.00290142    0.00598172  0.01008494   -0.00105183  0.00253934
    2    1
 -0.03009829  0.05564329   -0.00076290 -0.00184179   -0.01136085 -0.00290142
 -0.00076290 -0.00184179    0.06062845  0.01806304    0.00598172 -0.01008494
 -0.01136085 -0.00290142    0.00598172 -0.01008494   -0.00105183 -0.00253934
    2    2
  0.08238450  0.00000000   -0.00031051 -0.00389899    0.00366339  0.00582857
 -0.00031051  0.00389899    0.08238450  0.00000000    0.00366339 -0.00582857
  0.00366339 -0.00582857    0.00366339  0.00582857    0.09955326  0.00000000

     Dynamical  Matrix in cartesian axes

     q = (   -0.125000000  -0.125000000   0.927531466 ) 

    1    1
  0.08238450  0.00000000   -0.00031051  0.00389899   -0.00366339  0.00582857
 -0.00031051 -0.00389899    0.08238450  0.00000000   -0.00366339 -0.00582857
 -0.00366339 -0.00582857   -0.00366339  0.00582857    0.09955326  0.00000000
    1    2
 -0.01806304  0.06062845    0.00184179 -0.00076290   -0.01008494 -0.00598172
  0.00184179 -0.00076290   -0.05564329 -0.03009829   -0.00290142  0.01136085
 -0.01008494 -0.00598172   -0.00290142  0.01136085    0.00253934 -0.00105183
    2    1
 -0.01806304 -0.06062845    0.00184179  0.00076290   -0.01008494  0.00598172
  0.00184179  0.00076290   -0.05564329  0.03009829   -0.00290142 -0.01136085
 -0.01008494  0.00598172   -0.00290142 -0.01136085    0.00253934  0.00105183
    2    2
  0.08238450  0.00000000   -0.00031051 -0.00389899   -0.00366339 -0.00582857
 -0.00031051  0.00389899    0.08238450  0.00000000   -0.00366339  0.00582857
 -0.00366339  0.00582857   -0.00366339 -0.00582857    0.09955326  0.00000000

     Dynamical  Matrix in cartesian axes

     q = (   -0.125000000   0.125000000  -0.927531466 ) 

    1    1
  0.08238450  0.00000000    0.00031051  0.00389899    0.00366339  0.00582857
  0.00031051 -0.00389899    0.08238450  0.00000000   -0.00366339  0.00582857
  0.00366339 -0.00582857   -0.00366339 -0.00582857    0.09955326  0.00000000
    1    2
 -0.05564329 -0.03009829   -0.00184179  0.00076290    0.00290142 -0.01136085
 -0.00184179  0.00076290   -0.01806304  0.06062845   -0.01008494 -0.00598172
  0.00290142 -0.01136085   -0.01008494 -0.00598172    0.00253934 -0.00105183
    2    1
 -0.05564329  0.03009829   -0.00184179 -0.00076290    0.00290142  0.01136085
 -0.00184179 -0.00076290   -0.01806304 -0.06062845   -0.01008494  0.00598172
  0.00290142  0.01136085   -0.01008494  0.00598172    0.00253934  0.00105183
    2    2
  0.08238450  0.00000000    0.00031051 -0.00389899    0.00366339 -0.00582857
  0.00031051  0.00389899    0.08238450  0.00000000   -0.00366339 -0.00582857
  0.00366339  0.00582857   -0.00366339  0.00582857    0.09955326  0.00000000

     Dynamical  Matrix in cartesian axes

     q = (    0.125000000  -0.125000000  -0.927531466 ) 

    1    1
  0.08238450  0.00000000    0.00031051  0.00389899   -0.00366339 -0.00582857
  0.00031051 -0.00389899    0.08238450  0.00000000    0.00366339 -0.00582857
 -0.00366339  0.00582857    0.00366339  0.00582857    0.09955326  0.00000000
    1    2
 -0.06062845  0.01806304   -0.00076290  0.00184179    0.00598172  0.01008494
 -0.00076290  0.00184179    0.03009829  0.05564329    0.01136085 -0.00290142
  0.00598172  0.01008494    0.01136085 -0.00290142    0.00105183 -0.00253934
    2    1
 -0.06062845 -0.01806304   -0.00076290 -0.00184179    0.00598172 -0.01008494
 -0.00076290 -0.00184179    0.03009829 -0.05564329    0.01136085  0.00290142
  0.00598172 -0.01008494    0.01136085  0.00290142    0.00105183  0.00253934
    2    2
  0.08238450  0.00000000    0.00031051 -0.00389899   -0.00366339  0.00582857
  0.00031051  0.00389899    0.08238450  0.00000000    0.00366339  0.00582857
 -0.00366339 -0.00582857    0.00366339 -0.00582857    0.09955326  0.00000000

     Dynamical  Matrix in cartesian axes

     q = (    0.125000000  -0.125000000   0.927531466 ) 

    1    1
  0.08238450  0.00000000    0.00031051 -0.00389899    0.00366339 -0.00582857
  0.00031051  0.00389899    0.08238450  0.00000000   -0.00366339 -0.00582857
  0.00366339  0.00582857   -0.00366339  0.00582857    0.09955326  0.00000000
    1    2
 -0.05564329  0.03009829   -0.00184179 -0.00076290    0.00290142  0.01136085
 -0.00184179 -0.00076290   -0.01806304 -0.06062845   -0.01008494  0.00598172
  0.00290142  0.01136085   -0.01008494  0.00598172    0.00253934  0.00105183
    2    1
 -0.05564329 -0.03009829   -0.00184179  0.00076290    0.00290142 -0.01136085
 -0.00184179  0.00076290   -0.01806304  0.06062845   -0.01008494 -0.00598172
  0.00290142 -0.01136085   -0.01008494 -0.00598172    0.00253934 -0.00105183
    2    2
  0.08238450  0.00000000    0.00031051  0.00389899    0.00366339  0.00582857
  0.00031051 -0.00389899    0.08238450  0.00000000   -0.00366339  0.00582857
  0.00366339 -0.00582857   -0.00366339 -0.00582857    0.09955326  0.00000000

     Dynamical  Matrix in cartesian axes

     q = (    0.125000000   0.125000000  -0.927531466 ) 

    1    1
  0.08238450  0.00000000   -0.00031051 -0.00389899   -0.00366339 -0.00582857
 -0.00031051  0.00389899    0.08238450  0.00000000   -0.00366339  0.00582857
 -0.00366339  0.00582857   -0.00366339 -0.00582857    0.09955326  0.00000000
    1    2
 -0.01806304 -0.06062845    0.00184179  0.00076290   -0.01008494  0.00598172
  0.00184179  0.00076290   -0.05564329  0.03009829   -0.00290142 -0.01136085
 -0.01008494  0.00598172   -0.00290142 -0.01136085    0.00253934  0.00105183
    2    1
 -0.01806304  0.06062845    0.00184179 -0.00076290   -0.01008494 -0.00598172
  0.00184179 -0.00076290   -0.05564329 -0.03009829   -0.00290142  0.01136085
 -0.01008494 -0.00598172   -0.00290142  0.01136085    0.00253934 -0.00105183
    2    2
  0.08238450  0.00000000   -0.00031051  0.00389899   -0.00366339  0.00582857
 -0.00031051 -0.00389899    0.08238450  0.00000000   -0.00366339 -0.00582857
 -0.00366339 -0.00582857   -0.00366339  0.00582857    0.09955326  0.00000000

     Dynamical  Matrix in cartesian axes

     q = (   -0.125000000   0.125000000   0.927531466 ) 

    1    1
  0.08238450  0.00000000    0.00031051 -0.00389899   -0.00366339  0.00582857
  0.00031051  0.00389899    0.08238450  0.00000000    0.00366339  0.00582857
 -0.00366339 -0.00582857    0.00366339 -0.00582857    0.09955326  0.00000000
    1    2
 -0.06062845 -0.01806304   -0.00076290 -0.00184179    0.00598172 -0.01008494
 -0.00076290 -0.00184179    0.03009829 -0.05564329    0.01136085  0.00290142
  0.00598172 -0.01008494    0.01136085  0.00290142    0.00105183  0.00253934
    2    1
 -0.06062845  0.01806304   -0.00076290  0.00184179    0.00598172  0.01008494
 -0.00076290  0.00184179    0.03009829  0.05564329    0.01136085 -0.00290142
  0.00598172  0.01008494    0.01136085 -0.00290142    0.00105183 -0.00253934
    2    2
  0.08238450  0.00000000    0.00031051  0.00389899   -0.00366339 -0.00582857
  0.00031051 -0.00389899    0.08238450  0.00000000    0.00366339 -0.00582857
 -0.00366339  0.00582857    0.00366339  0.00582857    0.09955326  0.00000000

     Dynamical  Matrix in cartesian axes

     q = (   -0.125000000  -0.125000000  -0.927531466 ) 

    1    1
  0.08238450  0.00000000   -0.00031051 -0.00389899    0.00366339  0.00582857
 -0.00031051  0.00389899    0.08238450  0.00000000    0.00366339 -0.00582857
  0.00366339 -0.00582857    0.00366339  0.00582857    0.09955326  0.00000000
    1    2
 -0.03009829  0.05564329   -0.00076290 -0.00184179   -0.01136085 -0.00290142
 -0.00076290 -0.00184179    0.06062845  0.01806304    0.00598172 -0.01008494
 -0.01136085 -0.00290142    0.00598172 -0.01008494   -0.00105183 -0.00253934
    2    1
 -0.03009829 -0.05564329   -0.00076290  0.00184179   -0.01136085  0.00290142
 -0.00076290  0.00184179    0.06062845 -0.01806304    0.00598172  0.01008494
 -0.01136085  0.00290142    0.00598172  0.01008494   -0.00105183  0.00253934
    2    2
  0.08238450  0.00000000   -0.00031051  0.00389899    0.00366339 -0.00582857
 -0.00031051 -0.00389899    0.08238450  0.00000000    0.00366339  0.00582857
  0.00366339  0.00582857    0.00366339 -0.00582857    0.09955326  0.00000000

     Diagonalizing the dynamical matrix

     q = (    0.125000000   0.125000000   0.927531466 ) 

 **************************************************************************
     freq (    1) =       1.210183 [THz] =      40.367369 [cm-1]
 (  0.483430 -0.011410 -0.333769 -0.349905  0.068808 -0.166118 ) 
 (  0.195542 -0.442265  0.195542  0.442265  0.179805  0.000000 ) 
     freq (    2) =       1.279015 [THz] =      42.663334 [cm-1]
 ( -0.028306 -0.494829  0.369912 -0.329881 -0.035668  0.086109 ) 
 ( -0.446330 -0.215514 -0.446330  0.215514  0.093204 -0.000000 ) 
     freq (    3) =       3.183110 [THz] =     106.177104 [cm-1]
 (  0.113662  0.057888 -0.121305 -0.039438 -0.261645  0.631666 ) 
 (  0.009985  0.127163  0.009985 -0.127163  0.683710  0.000000 ) 
     freq (    4) =       3.193598 [THz] =     106.526954 [cm-1]
 (  0.124879 -0.060961 -0.045197 -0.131409 -0.259937  0.627543 ) 
 (  0.104110 -0.092044  0.104110  0.092044 -0.679248  0.000000 ) 
     freq (    5) =       3.755385 [THz] =     125.266175 [cm-1]
 ( -0.026462 -0.496139  0.369534 -0.332112  0.030356 -0.073287 ) 
 (  0.448246  0.214311  0.448246 -0.214311  0.079325  0.000000 ) 
     freq (    6) =       3.917398 [THz] =     130.670330 [cm-1]
 ( -0.486086  0.042352  0.313768  0.373662 -0.059104  0.142689 ) 
 (  0.225145 -0.432878  0.225145  0.432878  0.154446  0.000000 ) 
 **************************************************************************
