Dynamical matrix file
                                                                           
  1    2  0 11.0780329  0.0000000  0.0000000  0.0000000  0.0000000  0.0000000
Basis vectors
      1.000000000    0.000000000    0.000000000
      0.000000000    1.000000000    0.000000000
      0.500000000    0.500000000    0.269532635
           1  'Sn  '    108197.54598352207     
    1    1      1.0000000000      1.2500000000      0.2021494763
    2    1      0.5000000000      0.2500000000      0.0673831588

     Dynamical  Matrix in cartesian axes

     q = (    0.125000000  -0.500000000   0.695648599 ) 

    1    1
  0.08155025  0.00000000   -0.00172153 -0.00069378   -0.00415884  0.00108390
 -0.00172153  0.00069378    0.08392275  0.00000000   -0.00702501 -0.00114388
 -0.00415884 -0.00108390   -0.00702501  0.00114388    0.10462295  0.00000000
    1    2
  0.05294929  0.02029622    0.00173698  0.00142093   -0.00113968 -0.01154887
  0.00173698  0.00142093   -0.00741405  0.00254915    0.02976777  0.00363439
 -0.00113968 -0.01154887    0.02976777  0.00363439   -0.00926559  0.00187470
    2    1
  0.05294929 -0.02029622    0.00173698 -0.00142093   -0.00113968  0.01154887
  0.00173698 -0.00142093   -0.00741405 -0.00254915    0.02976777 -0.00363439
 -0.00113968  0.01154887    0.02976777 -0.00363439   -0.00926559 -0.00187470
    2    2
  0.08155025  0.00000000   -0.00172153  0.00069378   -0.00415884 -0.00108390
 -0.00172153 -0.00069378    0.08392275  0.00000000   -0.00702501  0.00114388
 -0.00415884  0.00108390   -0.00702501 -0.00114388    0.10462295 -0.00000000

     Dynamical  Matrix in cartesian axes

     q = (   -0.500000000   0.125000000   0.695648599 ) 

    1    1
  0.08392275  0.00000000   -0.00172153 -0.00069378   -0.00702501  0.00114388
 -0.00172153  0.00069378    0.08155025  0.00000000   -0.00415884 -0.00108390
 -0.00702501 -0.00114388   -0.00415884  0.00108390    0.10462295 -0.00000000
    1    2
  0.00344001  0.00704505   -0.00223297 -0.00022348   -0.02361890 -0.01847909
 -0.00223297 -0.00022348   -0.05179239 -0.02308921    0.00897216 -0.00736041
 -0.02361890 -0.01847909    0.00897216 -0.00736041    0.00522614  0.00787738
    2    1
  0.00344001 -0.00704505   -0.00223297  0.00022348   -0.02361890  0.01847909
 -0.00223297  0.00022348   -0.05179239  0.02308921    0.00897216  0.00736041
 -0.02361890  0.01847909    0.00897216  0.00736041    0.00522614 -0.00787738
    2    2
  0.08392275  0.00000000   -0.00172153  0.00069378   -0.00702501 -0.00114388
 -0.00172153 -0.00069378    0.08155025  0.00000000   -0.00415884  0.00108390
 -0.00702501  0.00114388   -0.00415884 -0.00108390    0.10462295  0.00000000

     Dynamical  Matrix in cartesian axes

     q = (   -0.125000000   0.500000000   0.695648599 ) 

    1    1
  0.08155025  0.00000000   -0.00172153 -0.00069378    0.00415884 -0.00108390
 -0.00172153  0.00069378    0.08392275  0.00000000    0.00702501  0.00114388
  0.00415884  0.00108390    0.00702501 -0.00114388    0.10462295  0.00000000
    1    2
  0.05179239 -0.02308921    0.00223297 -0.00022348    0.00897216  0.00736041
  0.00223297 -0.00022348   -0.00344001  0.00704505   -0.02361890  0.01847909
  0.00897216  0.00736041   -0.02361890  0.01847909   -0.00522614  0.00787738
    2    1
  0.05179239  0.02308921    0.00223297  0.00022348    0.00897216 -0.00736041
  0.00223297  0.00022348   -0.00344001 -0.00704505   -0.02361890 -0.01847909
  0.00897216 -0.00736041   -0.02361890 -0.01847909   -0.00522614 -0.00787738
    2    2
  0.08155025  0.00000000   -0.00172153  0.00069378    0.00415884  0.00108390
 -0.00172153 -0.00069378    0.08392275  0.00000000    0.00702501 -0.00114388
  0.00415884 -0.00108390    0.00702501  0.00114388    0.10462295 -0.00000000

     Dynamical  Matrix in cartesian axes

     q = (    0.500000000  -0.125000000   0.695648599 ) 

    1    1
  0.08392275  0.00000000   -0.00172153 -0.00069378    0.00702501 -0.00114388
 -0.00172153  0.00069378    0.08155025  0.00000000    0.00415884  0.00108390
  0.00702501  0.00114388    0.00415884 -0.00108390    0.10462295 -0.00000000
    1    2
 -0.00704505  0.00344001    0.00022348 -0.00223297   -0.01847909  0.02361890
  0.00022348 -0.00223297    0.02308921 -0.05179239   -0.00736041 -0.00897216
 -0.01847909  0.02361890   -0.00736041 -0.00897216   -0.00787738  0.00522614
    2    1
 -0.00704505 -0.00344001    0.00022348  0.00223297   -0.01847909 -0.02361890
  0.00022348  0.00223297    0.02308921  0.05179239   -0.00736041  0.00897216
 -0.01847909 -0.02361890   -0.00736041  0.00897216   -0.00787738 -0.00522614
    2    2
  0.08392275  0.00000000   -0.00172153  0.00069378    0.00702501  0.00114388
 -0.00172153 -0.00069378    0.08155025  0.00000000    0.00415884 -0.00108390
  0.00702501 -0.00114388    0.00415884  0.00108390    0.10462295  0.00000000

     Dynamical  Matrix in cartesian axes

     q = (   -0.125000000  -0.500000000  -0.695648599 ) 

    1    1
  0.08155025  0.00000000    0.00172153 -0.00069378   -0.00415884 -0.00108390
  0.00172153  0.00069378    0.08392275  0.00000000    0.00702501 -0.00114388
 -0.00415884  0.00108390    0.00702501  0.00114388    0.10462295 -0.00000000
    1    2
  0.05294929 -0.02029622   -0.00173698  0.00142093   -0.00113968  0.01154887
 -0.00173698  0.00142093   -0.00741405 -0.00254915   -0.02976777  0.00363439
 -0.00113968  0.01154887   -0.02976777  0.00363439   -0.00926559 -0.00187470
    2    1
  0.05294929  0.02029622   -0.00173698 -0.00142093   -0.00113968 -0.01154887
 -0.00173698 -0.00142093   -0.00741405  0.00254915   -0.02976777 -0.00363439
 -0.00113968 -0.01154887   -0.02976777 -0.00363439   -0.00926559  0.00187470
    2    2
  0.08155025  0.00000000    0.00172153  0.00069378   -0.00415884  0.00108390
  0.00172153 -0.00069378    0.08392275  0.00000000    0.00702501  0.00114388
 -0.00415884 -0.00108390    0.00702501 -0.00114388    0.10462295  0.00000000

     Dynamical  Matrix in cartesian axes

     q = (    0.125000000   0.500000000  -0.695648599 ) 

    1    1
  0.08155025  0.00000000    0.00172153 -0.00069378    0.00415884  0.00108390
  0.00172153  0.00069378    0.08392275  0.00000000   -0.00702501  0.00114388
  0.00415884 -0.00108390   -0.00702501 -0.00114388    0.10462295 -0.00000000
    1    2
  0.05179239  0.02308921   -0.00223297 -0.00022348    0.00897216 -0.00736041
 -0.00223297 -0.00022348   -0.00344001 -0.00704505    0.02361890  0.01847909
  0.00897216 -0.00736041    0.02361890  0.01847909   -0.00522614 -0.00787738
    2    1
  0.05179239 -0.02308921   -0.00223297  0.00022348    0.00897216  0.00736041
 -0.00223297  0.00022348   -0.00344001  0.00704505    0.02361890 -0.01847909
  0.00897216  0.00736041    0.02361890 -0.01847909   -0.00522614  0.00787738
    2    2
  0.08155025  0.00000000    0.00172153  0.00069378    0.00415884 -0.00108390
  0.00172153 -0.00069378    0.08392275  0.00000000   -0.00702501 -0.00114388
  0.00415884  0.00108390   -0.00702501  0.00114388    0.10462295  0.00000000

     Dynamical  Matrix in cartesian axes

     q = (    0.500000000   0.125000000  -0.695648599 ) 

    1    1
  0.08392275  0.00000000    0.00172153 -0.00069378   -0.00702501 -0.00114388
  0.00172153  0.00069378    0.08155025  0.00000000    0.00415884 -0.00108390
 -0.00702501  0.00114388    0.00415884  0.00108390    0.10462295  0.00000000
    1    2
  0.00704505  0.00344001    0.00022348  0.00223297   -0.01847909 -0.02361890
  0.00022348  0.00223297   -0.02308921 -0.05179239    0.00736041 -0.00897216
 -0.01847909 -0.02361890    0.00736041 -0.00897216    0.00787738  0.00522614
    2    1
  0.00704505 -0.00344001    0.00022348 -0.00223297   -0.01847909  0.02361890
  0.00022348 -0.00223297   -0.02308921  0.05179239    0.00736041  0.00897216
 -0.01847909  0.02361890    0.00736041  0.00897216    0.00787738 -0.00522614
    2    2
  0.08392275  0.00000000    0.00172153  0.00069378   -0.00702501  0.00114388
  0.00172153 -0.00069378    0.08155025  0.00000000    0.00415884  0.00108390
 -0.00702501 -0.00114388    0.00415884 -0.00108390    0.10462295 -0.00000000

     Dynamical  Matrix in cartesian axes

     q = (   -0.500000000  -0.125000000  -0.695648599 ) 

    1    1
  0.08392275  0.00000000    0.00172153 -0.00069378    0.00702501  0.00114388
  0.00172153  0.00069378    0.08155025  0.00000000   -0.00415884  0.00108390
  0.00702501 -0.00114388   -0.00415884 -0.00108390    0.10462295  0.00000000
    1    2
 -0.00344001  0.00704505   -0.00223297  0.00022348   -0.02361890  0.01847909
 -0.00223297  0.00022348    0.05179239 -0.02308921   -0.00897216 -0.00736041
 -0.02361890  0.01847909   -0.00897216 -0.00736041   -0.00522614  0.00787738
    2    1
 -0.00344001 -0.00704505   -0.00223297 -0.00022348   -0.02361890 -0.01847909
 -0.00223297 -0.00022348    0.05179239  0.02308921   -0.00897216  0.00736041
 -0.02361890 -0.01847909   -0.00897216  0.00736041   -0.00522614 -0.00787738
    2    2
  0.08392275  0.00000000    0.00172153  0.00069378    0.00702501 -0.00114388
  0.00172153 -0.00069378    0.08155025  0.00000000   -0.00415884 -0.00108390
  0.00702501  0.00114388   -0.00415884  0.00108390    0.10462295 -0.00000000

     Dynamical  Matrix in cartesian axes

     q = (    0.125000000   0.500000000   0.695648599 ) 

    1    1
  0.08155025  0.00000000    0.00172153  0.00069378   -0.00415884  0.00108390
  0.00172153 -0.00069378    0.08392275  0.00000000    0.00702501  0.00114388
 -0.00415884 -0.00108390    0.00702501 -0.00114388    0.10462295  0.00000000
    1    2
  0.05294929  0.02029622   -0.00173698 -0.00142093   -0.00113968 -0.01154887
 -0.00173698 -0.00142093   -0.00741405  0.00254915   -0.02976777 -0.00363439
 -0.00113968 -0.01154887   -0.02976777 -0.00363439   -0.00926559  0.00187470
    2    1
  0.05294929 -0.02029622   -0.00173698  0.00142093   -0.00113968  0.01154887
 -0.00173698  0.00142093   -0.00741405 -0.00254915   -0.02976777  0.00363439
 -0.00113968  0.01154887   -0.02976777  0.00363439   -0.00926559 -0.00187470
    2    2
  0.08155025  0.00000000    0.00172153 -0.00069378   -0.00415884 -0.00108390
  0.00172153  0.00069378    0.08392275  0.00000000    0.00702501 -0.00114388
 -0.00415884  0.00108390    0.00702501  0.00114388    0.10462295 -0.00000000

     Dynamical  Matrix in cartesian axes

     q = (   -0.500000000  -0.125000000   0.695648599 ) 

    1    1
  0.08392275  0.00000000    0.00172153  0.00069378   -0.00702501  0.00114388
  0.00172153 -0.00069378    0.08155025  0.00000000    0.00415884  0.00108390
 -0.00702501 -0.00114388    0.00415884 -0.00108390    0.10462295 -0.00000000
    1    2
  0.00704505 -0.00344001    0.00022348 -0.00223297   -0.01847909  0.02361890
  0.00022348 -0.00223297   -0.02308921  0.05179239    0.00736041  0.00897216
 -0.01847909  0.02361890    0.00736041  0.00897216    0.00787738 -0.00522614
    2    1
  0.00704505  0.00344001    0.00022348  0.00223297   -0.01847909 -0.02361890
  0.00022348  0.00223297   -0.02308921 -0.05179239    0.00736041 -0.00897216
 -0.01847909 -0.02361890    0.00736041 -0.00897216    0.00787738  0.00522614
    2    2
  0.08392275  0.00000000    0.00172153 -0.00069378   -0.00702501 -0.00114388
  0.00172153  0.00069378    0.08155025  0.00000000    0.00415884 -0.00108390
 -0.00702501  0.00114388    0.00415884  0.00108390    0.10462295  0.00000000

     Dynamical  Matrix in cartesian axes

     q = (   -0.500000000   0.125000000  -0.695648599 ) 

    1    1
  0.08392275  0.00000000   -0.00172153  0.00069378    0.00702501  0.00114388
 -0.00172153 -0.00069378    0.08155025  0.00000000    0.00415884 -0.00108390
  0.00702501 -0.00114388    0.00415884  0.00108390    0.10462295  0.00000000
    1    2
 -0.00704505 -0.00344001    0.00022348  0.00223297   -0.01847909 -0.02361890
  0.00022348  0.00223297    0.02308921  0.05179239   -0.00736041  0.00897216
 -0.01847909 -0.02361890   -0.00736041  0.00897216   -0.00787738 -0.00522614
    2    1
 -0.00704505  0.00344001    0.00022348 -0.00223297   -0.01847909  0.02361890
  0.00022348 -0.00223297    0.02308921 -0.05179239   -0.00736041 -0.00897216
 -0.01847909  0.02361890   -0.00736041 -0.00897216   -0.00787738  0.00522614
    2    2
  0.08392275  0.00000000   -0.00172153 -0.00069378    0.00702501 -0.00114388
 -0.00172153  0.00069378    0.08155025  0.00000000    0.00415884  0.00108390
  0.00702501  0.00114388    0.00415884 -0.00108390    0.10462295 -0.00000000

     Dynamical  Matrix in cartesian axes

     q = (   -0.125000000  -0.500000000   0.695648599 ) 

    1    1
  0.08155025  0.00000000    0.00172153  0.00069378    0.00415884 -0.00108390
  0.00172153 -0.00069378    0.08392275  0.00000000   -0.00702501 -0.00114388
  0.00415884  0.00108390   -0.00702501  0.00114388    0.10462295  0.00000000
    1    2
  0.05179239 -0.02308921   -0.00223297  0.00022348    0.00897216  0.00736041
 -0.00223297  0.00022348   -0.00344001  0.00704505    0.02361890 -0.01847909
  0.00897216  0.00736041    0.02361890 -0.01847909   -0.00522614  0.00787738
    2    1
  0.05179239  0.02308921   -0.00223297 -0.00022348    0.00897216 -0.00736041
 -0.00223297 -0.00022348   -0.00344001 -0.00704505    0.02361890  0.01847909
  0.00897216 -0.00736041    0.02361890  0.01847909   -0.00522614 -0.00787738
    2    2
  0.08155025  0.00000000    0.00172153 -0.00069378    0.00415884  0.00108390
  0.00172153  0.00069378    0.08392275  0.00000000   -0.00702501  0.00114388
  0.00415884 -0.00108390   -0.00702501 -0.00114388    0.10462295 -0.00000000

     Dynamical  Matrix in cartesian axes

     q = (    0.500000000   0.125000000   0.695648599 ) 

    1    1
  0.08392275  0.00000000    0.00172153  0.00069378    0.00702501 -0.00114388
  0.00172153 -0.00069378    0.08155025  0.00000000   -0.00415884 -0.00108390
  0.00702501  0.00114388   -0.00415884  0.00108390    0.10462295 -0.00000000
    1    2
 -0.00344001 -0.00704505   -0.00223297 -0.00022348   -0.02361890 -0.01847909
 -0.00223297 -0.00022348    0.05179239  0.02308921   -0.00897216  0.00736041
 -0.02361890 -0.01847909   -0.00897216  0.00736041   -0.00522614 -0.00787738
    2    1
 -0.00344001  0.00704505   -0.00223297  0.00022348   -0.02361890  0.01847909
 -0.00223297  0.00022348    0.05179239 -0.02308921   -0.00897216 -0.00736041
 -0.02361890  0.01847909   -0.00897216 -0.00736041   -0.00522614  0.00787738
    2    2
  0.08392275  0.00000000    0.00172153 -0.00069378    0.00702501  0.00114388
  0.00172153  0.00069378    0.08155025  0.00000000   -0.00415884  0.00108390
  0.00702501 -0.00114388   -0.00415884 -0.00108390    0.10462295  0.00000000

     Dynamical  Matrix in cartesian axes

     q = (    0.125000000  -0.500000000  -0.695648599 ) 

    1    1
  0.08155025  0.00000000   -0.00172153  0.00069378    0.00415884  0.00108390
 -0.00172153 -0.00069378    0.08392275  0.00000000    0.00702501 -0.00114388
  0.00415884 -0.00108390    0.00702501  0.00114388    0.10462295 -0.00000000
    1    2
  0.05179239  0.02308921    0.00223297  0.00022348    0.00897216 -0.00736041
  0.00223297  0.00022348   -0.00344001 -0.00704505   -0.02361890 -0.01847909
  0.00897216 -0.00736041   -0.02361890 -0.01847909   -0.00522614 -0.00787738
    2    1
  0.05179239 -0.02308921    0.00223297 -0.00022348    0.00897216  0.00736041
  0.00223297 -0.00022348   -0.00344001  0.00704505   -0.02361890  0.01847909
  0.00897216  0.00736041   -0.02361890  0.01847909   -0.00522614  0.00787738
    2    2
  0.08155025  0.00000000   -0.00172153 -0.00069378    0.00415884 -0.00108390
 -0.00172153  0.00069378    0.08392275  0.00000000    0.00702501  0.00114388
  0.00415884  0.00108390    0.00702501 -0.00114388    0.10462295  0.00000000

     Dynamical  Matrix in cartesian axes

     q = (   -0.125000000   0.500000000  -0.695648599 ) 

    1    1
  0.08155025  0.00000000   -0.00172153  0.00069378   -0.00415884 -0.00108390
 -0.00172153 -0.00069378    0.08392275  0.00000000   -0.00702501  0.00114388
 -0.00415884  0.00108390   -0.00702501 -0.00114388    0.10462295 -0.00000000
    1    2
  0.05294929 -0.02029622    0.00173698 -0.00142093   -0.00113968  0.01154887
  0.00173698 -0.00142093   -0.00741405 -0.00254915    0.02976777 -0.00363439
 -0.00113968  0.01154887    0.02976777 -0.00363439   -0.00926559 -0.00187470
    2    1
  0.05294929  0.02029622    0.00173698  0.00142093   -0.00113968 -0.01154887
  0.00173698  0.00142093   -0.00741405  0.00254915    0.02976777  0.00363439
 -0.00113968 -0.01154887    0.02976777  0.00363439   -0.00926559  0.00187470
    2    2
  0.08155025  0.00000000   -0.00172153 -0.00069378   -0.00415884  0.00108390
 -0.00172153  0.00069378    0.08392275  0.00000000   -0.00702501 -0.00114388
 -0.00415884 -0.00108390   -0.00702501  0.00114388    0.10462295  0.00000000

     Dynamical  Matrix in cartesian axes

     q = (    0.500000000  -0.125000000  -0.695648599 ) 

    1    1
  0.08392275  0.00000000   -0.00172153  0.00069378   -0.00702501 -0.00114388
 -0.00172153 -0.00069378    0.08155025  0.00000000   -0.00415884  0.00108390
 -0.00702501  0.00114388   -0.00415884 -0.00108390    0.10462295  0.00000000
    1    2
  0.00344001 -0.00704505   -0.00223297  0.00022348   -0.02361890  0.01847909
 -0.00223297  0.00022348   -0.05179239  0.02308921    0.00897216  0.00736041
 -0.02361890  0.01847909    0.00897216  0.00736041    0.00522614 -0.00787738
    2    1
  0.00344001  0.00704505   -0.00223297 -0.00022348   -0.02361890 -0.01847909
 -0.00223297 -0.00022348   -0.05179239 -0.02308921    0.00897216 -0.00736041
 -0.02361890 -0.01847909    0.00897216 -0.00736041    0.00522614  0.00787738
    2    2
  0.08392275  0.00000000   -0.00172153 -0.00069378   -0.00702501  0.00114388
 -0.00172153  0.00069378    0.08155025  0.00000000   -0.00415884 -0.00108390
 -0.00702501 -0.00114388   -0.00415884  0.00108390    0.10462295 -0.00000000

     Diagonalizing the dynamical matrix

     q = (    0.125000000  -0.500000000   0.695648599 ) 

 **************************************************************************
     freq (    1) =       1.518116 [THz] =      50.638883 [cm-1]
 ( -0.289237  0.630810 -0.070969  0.034809  0.095729  0.054850 ) 
 (  0.062646 -0.691126 -0.044272 -0.065485  0.110330  0.000000 ) 
     freq (    2) =       2.455205 [THz] =      81.896817 [cm-1]
 ( -0.133214  0.014526  0.571135  0.126164  0.001795 -0.374069 ) 
 (  0.015166 -0.133143  0.123421  0.571734 -0.374073  0.000000 ) 
     freq (    3) =       2.548554 [THz] =      85.010611 [cm-1]
 (  0.030768  0.004334  0.553966  0.057336  0.066316  0.429501 ) 
 ( -0.008978 -0.029747 -0.141197 -0.538729 -0.434591  0.000000 ) 
     freq (    4) =       3.321388 [THz] =     110.789592 [cm-1]
 (  0.178500 -0.007755  0.381875  0.070407  0.548876  0.126595 ) 
 (  0.172191  0.047673  0.387930  0.017218  0.563286  0.000000 ) 
     freq (    5) =       3.602385 [THz] =     120.162635 [cm-1]
 ( -0.274676  0.401471  0.330379  0.083699 -0.282462 -0.259680 ) 
 ( -0.069506  0.481451 -0.299862 -0.161983  0.383690  0.000000 ) 
     freq (    6) =       3.898597 [THz] =     130.043208 [cm-1]
 (  0.000669 -0.480572  0.272891 -0.007941 -0.412358  0.156456 ) 
 ( -0.171105 -0.449080 -0.257960  0.089382  0.441041  0.000000 ) 
 **************************************************************************
