Dynamical matrix file
                                                                           
  1    2  0 11.0780329  0.0000000  0.0000000  0.0000000  0.0000000  0.0000000
Basis vectors
      1.000000000    0.000000000    0.000000000
      0.000000000    1.000000000    0.000000000
      0.500000000    0.500000000    0.269532635
           1  'Sn  '    108197.54598352207     
    1    1      1.0000000000      1.2500000000      0.2021494763
    2    1      0.5000000000      0.2500000000      0.0673831588

     Dynamical  Matrix in cartesian axes

     q = (    0.250000000   0.375000000  -2.086945798 ) 

    1    1
  0.09604079  0.00000000   -0.00293799  0.00349158   -0.00150957  0.00041069
 -0.00293799 -0.00349158    0.10044191  0.00000000   -0.00120664 -0.00295254
 -0.00150957 -0.00041069   -0.00120664  0.00295254    0.03272372 -0.00000000
    1    2
  0.06241482 -0.00316456   -0.00012547 -0.00235537    0.00469714 -0.01483623
 -0.00012547 -0.00235537   -0.03661181  0.01586356   -0.01346624 -0.01685039
  0.00469714 -0.01483623   -0.01346624 -0.01685039   -0.00030013 -0.00315239
    2    1
  0.06241482  0.00316456   -0.00012547  0.00235537    0.00469714  0.01483623
 -0.00012547  0.00235537   -0.03661181 -0.01586356   -0.01346624  0.01685039
  0.00469714  0.01483623   -0.01346624  0.01685039   -0.00030013  0.00315239
    2    2
  0.09604079  0.00000000   -0.00293799 -0.00349158   -0.00150957 -0.00041069
 -0.00293799  0.00349158    0.10044191  0.00000000   -0.00120664  0.00295254
 -0.00150957  0.00041069   -0.00120664 -0.00295254    0.03272372  0.00000000

     Dynamical  Matrix in cartesian axes

     q = (    0.375000000   0.250000000  -2.086945798 ) 

    1    1
  0.10044191  0.00000000   -0.00293799  0.00349158   -0.00120664  0.00295254
 -0.00293799 -0.00349158    0.09604079  0.00000000   -0.00150957 -0.00041069
 -0.00120664 -0.00295254   -0.00150957  0.00041069    0.03272372  0.00000000
    1    2
  0.03710569 -0.01467123   -0.00157677 -0.00175422   -0.00239295 -0.02143709
 -0.00157677 -0.00175422   -0.04637162  0.04189626   -0.01381218 -0.00716942
 -0.00239295 -0.02143709   -0.01381218 -0.00716942   -0.00201685 -0.00244130
    2    1
  0.03710569  0.01467123   -0.00157677  0.00175422   -0.00239295  0.02143709
 -0.00157677  0.00175422   -0.04637162 -0.04189626   -0.01381218  0.00716942
 -0.00239295  0.02143709   -0.01381218  0.00716942   -0.00201685  0.00244130
    2    2
  0.10044191  0.00000000   -0.00293799 -0.00349158   -0.00120664 -0.00295254
 -0.00293799  0.00349158    0.09604079  0.00000000   -0.00150957  0.00041069
 -0.00120664  0.00295254   -0.00150957 -0.00041069    0.03272372 -0.00000000

     Dynamical  Matrix in cartesian axes

     q = (   -0.250000000  -0.375000000  -2.086945798 ) 

    1    1
  0.09604079  0.00000000   -0.00293799  0.00349158    0.00150957 -0.00041069
 -0.00293799 -0.00349158    0.10044191  0.00000000    0.00120664  0.00295254
  0.00150957  0.00041069    0.00120664 -0.00295254    0.03272372 -0.00000000
    1    2
  0.06241482 -0.00316456   -0.00012547 -0.00235537   -0.00469714  0.01483623
 -0.00012547 -0.00235537   -0.03661181  0.01586356    0.01346624  0.01685039
 -0.00469714  0.01483623    0.01346624  0.01685039   -0.00030013 -0.00315239
    2    1
  0.06241482  0.00316456   -0.00012547  0.00235537   -0.00469714 -0.01483623
 -0.00012547  0.00235537   -0.03661181 -0.01586356    0.01346624 -0.01685039
 -0.00469714 -0.01483623    0.01346624 -0.01685039   -0.00030013  0.00315239
    2    2
  0.09604079  0.00000000   -0.00293799 -0.00349158    0.00150957  0.00041069
 -0.00293799  0.00349158    0.10044191  0.00000000    0.00120664 -0.00295254
  0.00150957 -0.00041069    0.00120664  0.00295254    0.03272372  0.00000000

     Dynamical  Matrix in cartesian axes

     q = (   -0.375000000  -0.250000000  -2.086945798 ) 

    1    1
  0.10044191  0.00000000   -0.00293799  0.00349158    0.00120664 -0.00295254
 -0.00293799 -0.00349158    0.09604079  0.00000000    0.00150957  0.00041069
  0.00120664  0.00295254    0.00150957 -0.00041069    0.03272372  0.00000000
    1    2
  0.03661181  0.01586356    0.00012547 -0.00235537   -0.01346624  0.01685039
  0.00012547 -0.00235537   -0.06241482 -0.00316456    0.00469714  0.01483623
 -0.01346624  0.01685039    0.00469714  0.01483623    0.00030013 -0.00315239
    2    1
  0.03661181 -0.01586356    0.00012547  0.00235537   -0.01346624 -0.01685039
  0.00012547  0.00235537   -0.06241482  0.00316456    0.00469714 -0.01483623
 -0.01346624 -0.01685039    0.00469714 -0.01483623    0.00030013  0.00315239
    2    2
  0.10044191  0.00000000   -0.00293799 -0.00349158    0.00120664  0.00295254
 -0.00293799  0.00349158    0.09604079  0.00000000    0.00150957 -0.00041069
  0.00120664 -0.00295254    0.00150957  0.00041069    0.03272372 -0.00000000

     Dynamical  Matrix in cartesian axes

     q = (   -0.250000000   0.375000000   2.086945798 ) 

    1    1
  0.09604079  0.00000000    0.00293799  0.00349158   -0.00150957 -0.00041069
  0.00293799 -0.00349158    0.10044191  0.00000000    0.00120664 -0.00295254
 -0.00150957  0.00041069    0.00120664  0.00295254    0.03272372  0.00000000
    1    2
  0.00316456 -0.06241482   -0.00235537 -0.00012547    0.01483623 -0.00469714
 -0.00235537 -0.00012547   -0.01586356  0.03661181   -0.01685039 -0.01346624
  0.01483623 -0.00469714   -0.01685039 -0.01346624    0.00315239  0.00030013
    2    1
  0.00316456  0.06241482   -0.00235537  0.00012547    0.01483623  0.00469714
 -0.00235537  0.00012547   -0.01586356 -0.03661181   -0.01685039  0.01346624
  0.01483623  0.00469714   -0.01685039  0.01346624    0.00315239 -0.00030013
    2    2
  0.09604079  0.00000000    0.00293799 -0.00349158   -0.00150957  0.00041069
  0.00293799  0.00349158    0.10044191  0.00000000    0.00120664  0.00295254
 -0.00150957 -0.00041069    0.00120664 -0.00295254    0.03272372 -0.00000000

     Dynamical  Matrix in cartesian axes

     q = (    0.250000000  -0.375000000   2.086945798 ) 

    1    1
  0.09604079  0.00000000    0.00293799  0.00349158    0.00150957  0.00041069
  0.00293799 -0.00349158    0.10044191  0.00000000   -0.00120664  0.00295254
  0.00150957 -0.00041069   -0.00120664 -0.00295254    0.03272372  0.00000000
    1    2
 -0.00316456  0.06241482    0.00235537  0.00012547    0.01483623 -0.00469714
  0.00235537  0.00012547    0.01586356 -0.03661181   -0.01685039 -0.01346624
  0.01483623 -0.00469714   -0.01685039 -0.01346624   -0.00315239 -0.00030013
    2    1
 -0.00316456 -0.06241482    0.00235537 -0.00012547    0.01483623  0.00469714
  0.00235537 -0.00012547    0.01586356  0.03661181   -0.01685039  0.01346624
  0.01483623  0.00469714   -0.01685039  0.01346624   -0.00315239  0.00030013
    2    2
  0.09604079  0.00000000    0.00293799 -0.00349158    0.00150957 -0.00041069
  0.00293799  0.00349158    0.10044191  0.00000000   -0.00120664 -0.00295254
  0.00150957  0.00041069   -0.00120664  0.00295254    0.03272372 -0.00000000

     Dynamical  Matrix in cartesian axes

     q = (   -0.375000000   0.250000000   2.086945798 ) 

    1    1
  0.10044191  0.00000000    0.00293799  0.00349158   -0.00120664 -0.00295254
  0.00293799 -0.00349158    0.09604079  0.00000000    0.00150957 -0.00041069
 -0.00120664  0.00295254    0.00150957  0.00041069    0.03272372 -0.00000000
    1    2
 -0.03710569 -0.01467123   -0.00157677  0.00175422    0.00239295 -0.02143709
 -0.00157677  0.00175422    0.04637162  0.04189626   -0.01381218  0.00716942
  0.00239295 -0.02143709   -0.01381218  0.00716942    0.00201685 -0.00244130
    2    1
 -0.03710569  0.01467123   -0.00157677 -0.00175422    0.00239295  0.02143709
 -0.00157677 -0.00175422    0.04637162 -0.04189626   -0.01381218 -0.00716942
  0.00239295  0.02143709   -0.01381218 -0.00716942    0.00201685  0.00244130
    2    2
  0.10044191  0.00000000    0.00293799 -0.00349158   -0.00120664  0.00295254
  0.00293799  0.00349158    0.09604079  0.00000000    0.00150957  0.00041069
 -0.00120664 -0.00295254    0.00150957 -0.00041069    0.03272372  0.00000000

     Dynamical  Matrix in cartesian axes

     q = (    0.375000000  -0.250000000   2.086945798 ) 

    1    1
  0.10044191  0.00000000    0.00293799  0.00349158    0.00120664  0.00295254
  0.00293799 -0.00349158    0.09604079  0.00000000   -0.00150957  0.00041069
  0.00120664 -0.00295254   -0.00150957 -0.00041069    0.03272372 -0.00000000
    1    2
 -0.03661181  0.01586356    0.00012547  0.00235537    0.01346624  0.01685039
  0.00012547  0.00235537    0.06241482 -0.00316456    0.00469714 -0.01483623
  0.01346624  0.01685039    0.00469714 -0.01483623   -0.00030013 -0.00315239
    2    1
 -0.03661181 -0.01586356    0.00012547 -0.00235537    0.01346624 -0.01685039
  0.00012547 -0.00235537    0.06241482  0.00316456    0.00469714  0.01483623
  0.01346624 -0.01685039    0.00469714  0.01483623   -0.00030013  0.00315239
    2    2
  0.10044191  0.00000000    0.00293799 -0.00349158    0.00120664 -0.00295254
  0.00293799  0.00349158    0.09604079  0.00000000   -0.00150957 -0.00041069
  0.00120664  0.00295254   -0.00150957  0.00041069    0.03272372  0.00000000

     Dynamical  Matrix in cartesian axes

     q = (    0.250000000  -0.375000000  -2.086945798 ) 

    1    1
  0.09604079  0.00000000    0.00293799 -0.00349158   -0.00150957  0.00041069
  0.00293799  0.00349158    0.10044191  0.00000000    0.00120664  0.00295254
 -0.00150957 -0.00041069    0.00120664 -0.00295254    0.03272372 -0.00000000
    1    2
  0.00316456  0.06241482   -0.00235537  0.00012547    0.01483623  0.00469714
 -0.00235537  0.00012547   -0.01586356 -0.03661181   -0.01685039  0.01346624
  0.01483623  0.00469714   -0.01685039  0.01346624    0.00315239 -0.00030013
    2    1
  0.00316456 -0.06241482   -0.00235537 -0.00012547    0.01483623 -0.00469714
 -0.00235537 -0.00012547   -0.01586356  0.03661181   -0.01685039 -0.01346624
  0.01483623 -0.00469714   -0.01685039 -0.01346624    0.00315239  0.00030013
    2    2
  0.09604079  0.00000000    0.00293799  0.00349158   -0.00150957 -0.00041069
  0.00293799 -0.00349158    0.10044191  0.00000000    0.00120664 -0.00295254
 -0.00150957  0.00041069    0.00120664  0.00295254    0.03272372  0.00000000

     Dynamical  Matrix in cartesian axes

     q = (    0.375000000  -0.250000000  -2.086945798 ) 

    1    1
  0.10044191  0.00000000    0.00293799 -0.00349158   -0.00120664  0.00295254
  0.00293799  0.00349158    0.09604079  0.00000000    0.00150957  0.00041069
 -0.00120664 -0.00295254    0.00150957 -0.00041069    0.03272372  0.00000000
    1    2
 -0.03710569  0.01467123   -0.00157677 -0.00175422    0.00239295  0.02143709
 -0.00157677 -0.00175422    0.04637162 -0.04189626   -0.01381218 -0.00716942
  0.00239295  0.02143709   -0.01381218 -0.00716942    0.00201685  0.00244130
    2    1
 -0.03710569 -0.01467123   -0.00157677  0.00175422    0.00239295 -0.02143709
 -0.00157677  0.00175422    0.04637162  0.04189626   -0.01381218  0.00716942
  0.00239295 -0.02143709   -0.01381218  0.00716942    0.00201685 -0.00244130
    2    2
  0.10044191  0.00000000    0.00293799  0.00349158   -0.00120664 -0.00295254
  0.00293799 -0.00349158    0.09604079  0.00000000    0.00150957 -0.00041069
 -0.00120664  0.00295254    0.00150957  0.00041069    0.03272372 -0.00000000

     Dynamical  Matrix in cartesian axes

     q = (    0.375000000   0.250000000   2.086945798 ) 

    1    1
  0.10044191  0.00000000   -0.00293799 -0.00349158    0.00120664  0.00295254
 -0.00293799  0.00349158    0.09604079  0.00000000    0.00150957 -0.00041069
  0.00120664 -0.00295254    0.00150957  0.00041069    0.03272372 -0.00000000
    1    2
  0.03661181 -0.01586356    0.00012547  0.00235537   -0.01346624 -0.01685039
  0.00012547  0.00235537   -0.06241482  0.00316456    0.00469714 -0.01483623
 -0.01346624 -0.01685039    0.00469714 -0.01483623    0.00030013  0.00315239
    2    1
  0.03661181  0.01586356    0.00012547 -0.00235537   -0.01346624  0.01685039
  0.00012547 -0.00235537   -0.06241482 -0.00316456    0.00469714  0.01483623
 -0.01346624  0.01685039    0.00469714  0.01483623    0.00030013 -0.00315239
    2    2
  0.10044191  0.00000000   -0.00293799  0.00349158    0.00120664 -0.00295254
 -0.00293799 -0.00349158    0.09604079  0.00000000    0.00150957  0.00041069
  0.00120664  0.00295254    0.00150957 -0.00041069    0.03272372  0.00000000

     Dynamical  Matrix in cartesian axes

     q = (   -0.250000000   0.375000000  -2.086945798 ) 

    1    1
  0.09604079  0.00000000    0.00293799 -0.00349158    0.00150957 -0.00041069
  0.00293799  0.00349158    0.10044191  0.00000000   -0.00120664 -0.00295254
  0.00150957  0.00041069   -0.00120664  0.00295254    0.03272372 -0.00000000
    1    2
 -0.00316456 -0.06241482    0.00235537 -0.00012547    0.01483623  0.00469714
  0.00235537 -0.00012547    0.01586356  0.03661181   -0.01685039  0.01346624
  0.01483623  0.00469714   -0.01685039  0.01346624   -0.00315239  0.00030013
    2    1
 -0.00316456  0.06241482    0.00235537  0.00012547    0.01483623 -0.00469714
  0.00235537  0.00012547    0.01586356 -0.03661181   -0.01685039 -0.01346624
  0.01483623 -0.00469714   -0.01685039 -0.01346624   -0.00315239 -0.00030013
    2    2
  0.09604079  0.00000000    0.00293799  0.00349158    0.00150957  0.00041069
  0.00293799 -0.00349158    0.10044191  0.00000000   -0.00120664  0.00295254
  0.00150957 -0.00041069   -0.00120664 -0.00295254    0.03272372  0.00000000

     Dynamical  Matrix in cartesian axes

     q = (   -0.375000000   0.250000000  -2.086945798 ) 

    1    1
  0.10044191  0.00000000    0.00293799 -0.00349158    0.00120664 -0.00295254
  0.00293799  0.00349158    0.09604079  0.00000000   -0.00150957 -0.00041069
  0.00120664  0.00295254   -0.00150957  0.00041069    0.03272372  0.00000000
    1    2
 -0.03661181 -0.01586356    0.00012547 -0.00235537    0.01346624 -0.01685039
  0.00012547 -0.00235537    0.06241482  0.00316456    0.00469714  0.01483623
  0.01346624 -0.01685039    0.00469714  0.01483623   -0.00030013  0.00315239
    2    1
 -0.03661181  0.01586356    0.00012547  0.00235537    0.01346624  0.01685039
  0.00012547  0.00235537    0.06241482 -0.00316456    0.00469714 -0.01483623
  0.01346624  0.01685039    0.00469714 -0.01483623   -0.00030013 -0.00315239
    2    2
  0.10044191  0.00000000    0.00293799  0.00349158    0.00120664  0.00295254
  0.00293799 -0.00349158    0.09604079  0.00000000   -0.00150957  0.00041069
  0.00120664 -0.00295254   -0.00150957 -0.00041069    0.03272372 -0.00000000

     Dynamical  Matrix in cartesian axes

     q = (    0.250000000   0.375000000   2.086945798 ) 

    1    1
  0.09604079  0.00000000   -0.00293799 -0.00349158    0.00150957  0.00041069
 -0.00293799  0.00349158    0.10044191  0.00000000    0.00120664 -0.00295254
  0.00150957 -0.00041069    0.00120664  0.00295254    0.03272372  0.00000000
    1    2
  0.06241482  0.00316456   -0.00012547  0.00235537   -0.00469714 -0.01483623
 -0.00012547  0.00235537   -0.03661181 -0.01586356    0.01346624 -0.01685039
 -0.00469714 -0.01483623    0.01346624 -0.01685039   -0.00030013  0.00315239
    2    1
  0.06241482 -0.00316456   -0.00012547 -0.00235537   -0.00469714  0.01483623
 -0.00012547 -0.00235537   -0.03661181  0.01586356    0.01346624  0.01685039
 -0.00469714  0.01483623    0.01346624  0.01685039   -0.00030013 -0.00315239
    2    2
  0.09604079  0.00000000   -0.00293799  0.00349158    0.00150957 -0.00041069
 -0.00293799 -0.00349158    0.10044191  0.00000000    0.00120664  0.00295254
  0.00150957  0.00041069    0.00120664 -0.00295254    0.03272372 -0.00000000

     Dynamical  Matrix in cartesian axes

     q = (   -0.250000000  -0.375000000   2.086945798 ) 

    1    1
  0.09604079  0.00000000   -0.00293799 -0.00349158   -0.00150957 -0.00041069
 -0.00293799  0.00349158    0.10044191  0.00000000   -0.00120664  0.00295254
 -0.00150957  0.00041069   -0.00120664 -0.00295254    0.03272372  0.00000000
    1    2
  0.06241482  0.00316456   -0.00012547  0.00235537    0.00469714  0.01483623
 -0.00012547  0.00235537   -0.03661181 -0.01586356   -0.01346624  0.01685039
  0.00469714  0.01483623   -0.01346624  0.01685039   -0.00030013  0.00315239
    2    1
  0.06241482 -0.00316456   -0.00012547 -0.00235537    0.00469714 -0.01483623
 -0.00012547 -0.00235537   -0.03661181  0.01586356   -0.01346624 -0.01685039
  0.00469714 -0.01483623   -0.01346624 -0.01685039   -0.00030013 -0.00315239
    2    2
  0.09604079  0.00000000   -0.00293799  0.00349158   -0.00150957  0.00041069
 -0.00293799 -0.00349158    0.10044191  0.00000000   -0.00120664 -0.00295254
 -0.00150957 -0.00041069   -0.00120664  0.00295254    0.03272372 -0.00000000

     Dynamical  Matrix in cartesian axes

     q = (   -0.375000000  -0.250000000   2.086945798 ) 

    1    1
  0.10044191  0.00000000   -0.00293799 -0.00349158   -0.00120664 -0.00295254
 -0.00293799  0.00349158    0.09604079  0.00000000   -0.00150957  0.00041069
 -0.00120664  0.00295254   -0.00150957 -0.00041069    0.03272372 -0.00000000
    1    2
  0.03710569  0.01467123   -0.00157677  0.00175422   -0.00239295  0.02143709
 -0.00157677  0.00175422   -0.04637162 -0.04189626   -0.01381218  0.00716942
 -0.00239295  0.02143709   -0.01381218  0.00716942   -0.00201685  0.00244130
    2    1
  0.03710569 -0.01467123   -0.00157677 -0.00175422   -0.00239295 -0.02143709
 -0.00157677 -0.00175422   -0.04637162  0.04189626   -0.01381218 -0.00716942
 -0.00239295 -0.02143709   -0.01381218 -0.00716942   -0.00201685 -0.00244130
    2    2
  0.10044191  0.00000000   -0.00293799  0.00349158   -0.00120664  0.00295254
 -0.00293799 -0.00349158    0.09604079  0.00000000   -0.00150957 -0.00041069
 -0.00120664 -0.00295254   -0.00150957  0.00041069    0.03272372  0.00000000

     Diagonalizing the dynamical matrix

     q = (    0.250000000   0.375000000  -2.086945798 ) 

 **************************************************************************
     freq (    1) =       1.059267 [THz] =      35.333335 [cm-1]
 ( -0.183758  0.338503  0.147901  0.132927  0.212946  0.516487 ) 
 (  0.242904 -0.298912  0.179268  0.086067  0.558663  0.000000 ) 
     freq (    2) =       1.661739 [THz] =      55.429658 [cm-1]
 (  0.135121  0.145265  0.047581  0.219285 -0.367791 -0.524424 ) 
 ( -0.196517 -0.027217 -0.206854  0.086956  0.640539  0.000000 ) 
     freq (    3) =       2.065753 [THz] =      68.906091 [cm-1]
 ( -0.087214 -0.537919  0.239920 -0.000608  0.370911 -0.088879 ) 
 (  0.040536  0.543434  0.233457 -0.055316  0.381411  0.000000 ) 
     freq (    4) =       2.666589 [THz] =      88.947834 [cm-1]
 (  0.132442 -0.065675 -0.461735 -0.401408 -0.107737  0.303662 ) 
 ( -0.106180  0.102859 -0.223912 -0.569378  0.322208  0.000000 ) 
     freq (    5) =       3.769548 [THz] =     125.738571 [cm-1]
 (  0.280557 -0.046948  0.218885  0.596779 -0.117926  0.033480 ) 
 (  0.282713 -0.031460  0.047577 -0.633871 -0.122587  0.000000 ) 
     freq (    6) =       4.047758 [THz] =     135.018676 [cm-1]
 (  0.356505 -0.534284 -0.251648 -0.104079 -0.039842 -0.108157 ) 
 (  0.378119 -0.519212  0.184649  0.200159  0.115262  0.000000 ) 
 **************************************************************************
