Dynamical matrix file
                                                                           
  1    2  0 11.0780329  0.0000000  0.0000000  0.0000000  0.0000000  0.0000000
Basis vectors
      1.000000000    0.000000000    0.000000000
      0.000000000    1.000000000    0.000000000
      0.500000000    0.500000000    0.269532635
           1  'Sn  '    108197.54598352207     
    1    1      1.0000000000      1.2500000000      0.2021494763
    2    1      0.5000000000      0.2500000000      0.0673831588

     Dynamical  Matrix in cartesian axes

     q = (    0.250000000   0.375000000  -0.231882866 ) 

    1    1
  0.08776351  0.00000000    0.00300254 -0.00129390   -0.00364810 -0.00155259
  0.00300254  0.00129390    0.09640164  0.00000000   -0.00295271  0.00174064
 -0.00364810  0.00155259   -0.00295271 -0.00174064    0.03266616 -0.00000000
    1    2
  0.05125914 -0.00210747   -0.00281873  0.00075995    0.00394886 -0.01425715
 -0.00281873  0.00075995    0.03008145 -0.00967616    0.01352399  0.01593404
  0.00394886 -0.01425715    0.01352399  0.01593404    0.00196415 -0.00237154
    2    1
  0.05125914  0.00210747   -0.00281873 -0.00075995    0.00394886  0.01425715
 -0.00281873 -0.00075995    0.03008145  0.00967616    0.01352399 -0.01593404
  0.00394886  0.01425715    0.01352399 -0.01593404    0.00196415  0.00237154
    2    2
  0.08776351  0.00000000    0.00300254  0.00129390   -0.00364810  0.00155259
  0.00300254 -0.00129390    0.09640164  0.00000000   -0.00295271 -0.00174064
 -0.00364810 -0.00155259   -0.00295271  0.00174064    0.03266616  0.00000000

     Dynamical  Matrix in cartesian axes

     q = (    0.375000000   0.250000000  -0.231882866 ) 

    1    1
  0.09640164  0.00000000    0.00300254 -0.00129390   -0.00295271 -0.00174064
  0.00300254  0.00129390    0.08776351  0.00000000   -0.00364810  0.00155259
 -0.00295271  0.00174064   -0.00364810 -0.00155259    0.03266616  0.00000000
    1    2
  0.02811288 -0.01442872   -0.00253050  0.00145578   -0.00170416 -0.02082997
 -0.00253050  0.00145578    0.03773589 -0.03475547    0.01287359  0.00728906
 -0.00170416 -0.02082997    0.01287359  0.00728906    0.00306580  0.00028807
    2    1
  0.02811288  0.01442872   -0.00253050 -0.00145578   -0.00170416  0.02082997
 -0.00253050 -0.00145578    0.03773589  0.03475547    0.01287359 -0.00728906
 -0.00170416  0.02082997    0.01287359 -0.00728906    0.00306580 -0.00028807
    2    2
  0.09640164  0.00000000    0.00300254  0.00129390   -0.00295271  0.00174064
  0.00300254 -0.00129390    0.08776351  0.00000000   -0.00364810 -0.00155259
 -0.00295271 -0.00174064   -0.00364810  0.00155259    0.03266616 -0.00000000

     Dynamical  Matrix in cartesian axes

     q = (   -0.250000000  -0.375000000  -0.231882866 ) 

    1    1
  0.08776351  0.00000000    0.00300254 -0.00129390    0.00364810  0.00155259
  0.00300254  0.00129390    0.09640164  0.00000000    0.00295271 -0.00174064
  0.00364810 -0.00155259    0.00295271  0.00174064    0.03266616 -0.00000000
    1    2
  0.05125914 -0.00210747   -0.00281873  0.00075995   -0.00394886  0.01425715
 -0.00281873  0.00075995    0.03008145 -0.00967616   -0.01352399 -0.01593404
 -0.00394886  0.01425715   -0.01352399 -0.01593404    0.00196415 -0.00237154
    2    1
  0.05125914  0.00210747   -0.00281873 -0.00075995   -0.00394886 -0.01425715
 -0.00281873 -0.00075995    0.03008145  0.00967616   -0.01352399  0.01593404
 -0.00394886 -0.01425715   -0.01352399  0.01593404    0.00196415  0.00237154
    2    2
  0.08776351  0.00000000    0.00300254  0.00129390    0.00364810 -0.00155259
  0.00300254 -0.00129390    0.09640164  0.00000000    0.00295271  0.00174064
  0.00364810  0.00155259    0.00295271 -0.00174064    0.03266616  0.00000000

     Dynamical  Matrix in cartesian axes

     q = (   -0.375000000  -0.250000000  -0.231882866 ) 

    1    1
  0.09640164  0.00000000    0.00300254 -0.00129390    0.00295271  0.00174064
  0.00300254  0.00129390    0.08776351  0.00000000    0.00364810 -0.00155259
  0.00295271 -0.00174064    0.00364810  0.00155259    0.03266616  0.00000000
    1    2
  0.03008145  0.00967616   -0.00281873 -0.00075995   -0.01352399  0.01593404
 -0.00281873 -0.00075995    0.05125914  0.00210747   -0.00394886 -0.01425715
 -0.01352399  0.01593404   -0.00394886 -0.01425715    0.00196415  0.00237154
    2    1
  0.03008145 -0.00967616   -0.00281873  0.00075995   -0.01352399 -0.01593404
 -0.00281873  0.00075995    0.05125914 -0.00210747   -0.00394886  0.01425715
 -0.01352399 -0.01593404   -0.00394886  0.01425715    0.00196415 -0.00237154
    2    2
  0.09640164  0.00000000    0.00300254  0.00129390    0.00295271 -0.00174064
  0.00300254 -0.00129390    0.08776351  0.00000000    0.00364810  0.00155259
  0.00295271  0.00174064    0.00364810 -0.00155259    0.03266616 -0.00000000

     Dynamical  Matrix in cartesian axes

     q = (   -0.250000000   0.375000000   0.231882866 ) 

    1    1
  0.08776351  0.00000000   -0.00300254 -0.00129390   -0.00364810  0.00155259
 -0.00300254  0.00129390    0.09640164  0.00000000    0.00295271  0.00174064
 -0.00364810 -0.00155259    0.00295271 -0.00174064    0.03266616  0.00000000
    1    2
  0.00210747 -0.05125914    0.00075995 -0.00281873    0.01425715 -0.00394886
  0.00075995 -0.00281873    0.00967616 -0.03008145    0.01593404  0.01352399
  0.01425715 -0.00394886    0.01593404  0.01352399    0.00237154 -0.00196415
    2    1
  0.00210747  0.05125914    0.00075995  0.00281873    0.01425715  0.00394886
  0.00075995  0.00281873    0.00967616  0.03008145    0.01593404 -0.01352399
  0.01425715  0.00394886    0.01593404 -0.01352399    0.00237154  0.00196415
    2    2
  0.08776351  0.00000000   -0.00300254  0.00129390   -0.00364810 -0.00155259
 -0.00300254 -0.00129390    0.09640164  0.00000000    0.00295271 -0.00174064
 -0.00364810  0.00155259    0.00295271  0.00174064    0.03266616 -0.00000000

     Dynamical  Matrix in cartesian axes

     q = (    0.250000000  -0.375000000   0.231882866 ) 

    1    1
  0.08776351  0.00000000   -0.00300254 -0.00129390    0.00364810 -0.00155259
 -0.00300254  0.00129390    0.09640164  0.00000000   -0.00295271 -0.00174064
  0.00364810  0.00155259   -0.00295271  0.00174064    0.03266616  0.00000000
    1    2
 -0.00210747  0.05125914   -0.00075995  0.00281873    0.01425715 -0.00394886
 -0.00075995  0.00281873   -0.00967616  0.03008145    0.01593404  0.01352399
  0.01425715 -0.00394886    0.01593404  0.01352399   -0.00237154  0.00196415
    2    1
 -0.00210747 -0.05125914   -0.00075995 -0.00281873    0.01425715  0.00394886
 -0.00075995 -0.00281873   -0.00967616 -0.03008145    0.01593404 -0.01352399
  0.01425715  0.00394886    0.01593404 -0.01352399   -0.00237154 -0.00196415
    2    2
  0.08776351  0.00000000   -0.00300254  0.00129390    0.00364810  0.00155259
 -0.00300254 -0.00129390    0.09640164  0.00000000   -0.00295271  0.00174064
  0.00364810 -0.00155259   -0.00295271 -0.00174064    0.03266616 -0.00000000

     Dynamical  Matrix in cartesian axes

     q = (   -0.375000000   0.250000000   0.231882866 ) 

    1    1
  0.09640164  0.00000000   -0.00300254 -0.00129390   -0.00295271  0.00174064
 -0.00300254  0.00129390    0.08776351  0.00000000    0.00364810  0.00155259
 -0.00295271 -0.00174064    0.00364810 -0.00155259    0.03266616 -0.00000000
    1    2
 -0.02811288 -0.01442872   -0.00253050 -0.00145578    0.00170416 -0.02082997
 -0.00253050 -0.00145578   -0.03773589 -0.03475547    0.01287359 -0.00728906
  0.00170416 -0.02082997    0.01287359 -0.00728906   -0.00306580  0.00028807
    2    1
 -0.02811288  0.01442872   -0.00253050  0.00145578    0.00170416  0.02082997
 -0.00253050  0.00145578   -0.03773589  0.03475547    0.01287359  0.00728906
  0.00170416  0.02082997    0.01287359  0.00728906   -0.00306580 -0.00028807
    2    2
  0.09640164  0.00000000   -0.00300254  0.00129390   -0.00295271 -0.00174064
 -0.00300254 -0.00129390    0.08776351  0.00000000    0.00364810 -0.00155259
 -0.00295271  0.00174064    0.00364810  0.00155259    0.03266616  0.00000000

     Dynamical  Matrix in cartesian axes

     q = (    0.375000000  -0.250000000   0.231882866 ) 

    1    1
  0.09640164  0.00000000   -0.00300254 -0.00129390    0.00295271 -0.00174064
 -0.00300254  0.00129390    0.08776351  0.00000000   -0.00364810 -0.00155259
  0.00295271  0.00174064   -0.00364810  0.00155259    0.03266616 -0.00000000
    1    2
 -0.03008145  0.00967616   -0.00281873  0.00075995    0.01352399  0.01593404
 -0.00281873  0.00075995   -0.05125914  0.00210747   -0.00394886  0.01425715
  0.01352399  0.01593404   -0.00394886  0.01425715   -0.00196415  0.00237154
    2    1
 -0.03008145 -0.00967616   -0.00281873 -0.00075995    0.01352399 -0.01593404
 -0.00281873 -0.00075995   -0.05125914 -0.00210747   -0.00394886 -0.01425715
  0.01352399 -0.01593404   -0.00394886 -0.01425715   -0.00196415 -0.00237154
    2    2
  0.09640164  0.00000000   -0.00300254  0.00129390    0.00295271  0.00174064
 -0.00300254 -0.00129390    0.08776351  0.00000000   -0.00364810  0.00155259
  0.00295271 -0.00174064   -0.00364810 -0.00155259    0.03266616  0.00000000

     Dynamical  Matrix in cartesian axes

     q = (    0.250000000  -0.375000000  -0.231882866 ) 

    1    1
  0.08776351  0.00000000   -0.00300254  0.00129390   -0.00364810 -0.00155259
 -0.00300254 -0.00129390    0.09640164  0.00000000    0.00295271 -0.00174064
 -0.00364810  0.00155259    0.00295271  0.00174064    0.03266616 -0.00000000
    1    2
  0.00210747  0.05125914    0.00075995  0.00281873    0.01425715  0.00394886
  0.00075995  0.00281873    0.00967616  0.03008145    0.01593404 -0.01352399
  0.01425715  0.00394886    0.01593404 -0.01352399    0.00237154  0.00196415
    2    1
  0.00210747 -0.05125914    0.00075995 -0.00281873    0.01425715 -0.00394886
  0.00075995 -0.00281873    0.00967616 -0.03008145    0.01593404  0.01352399
  0.01425715 -0.00394886    0.01593404  0.01352399    0.00237154 -0.00196415
    2    2
  0.08776351  0.00000000   -0.00300254 -0.00129390   -0.00364810  0.00155259
 -0.00300254  0.00129390    0.09640164  0.00000000    0.00295271  0.00174064
 -0.00364810 -0.00155259    0.00295271 -0.00174064    0.03266616  0.00000000

     Dynamical  Matrix in cartesian axes

     q = (    0.375000000  -0.250000000  -0.231882866 ) 

    1    1
  0.09640164  0.00000000   -0.00300254  0.00129390   -0.00295271 -0.00174064
 -0.00300254 -0.00129390    0.08776351  0.00000000    0.00364810 -0.00155259
 -0.00295271  0.00174064    0.00364810  0.00155259    0.03266616  0.00000000
    1    2
 -0.02811288  0.01442872   -0.00253050  0.00145578    0.00170416  0.02082997
 -0.00253050  0.00145578   -0.03773589  0.03475547    0.01287359  0.00728906
  0.00170416  0.02082997    0.01287359  0.00728906   -0.00306580 -0.00028807
    2    1
 -0.02811288 -0.01442872   -0.00253050 -0.00145578    0.00170416 -0.02082997
 -0.00253050 -0.00145578   -0.03773589 -0.03475547    0.01287359 -0.00728906
  0.00170416 -0.02082997    0.01287359 -0.00728906   -0.00306580  0.00028807
    2    2
  0.09640164  0.00000000   -0.00300254 -0.00129390   -0.00295271  0.00174064
 -0.00300254  0.00129390    0.08776351  0.00000000    0.00364810  0.00155259
 -0.00295271 -0.00174064    0.00364810 -0.00155259    0.03266616 -0.00000000

     Dynamical  Matrix in cartesian axes

     q = (    0.375000000   0.250000000   0.231882866 ) 

    1    1
  0.09640164  0.00000000    0.00300254  0.00129390    0.00295271 -0.00174064
  0.00300254 -0.00129390    0.08776351  0.00000000    0.00364810  0.00155259
  0.00295271  0.00174064    0.00364810 -0.00155259    0.03266616 -0.00000000
    1    2
  0.03008145 -0.00967616   -0.00281873  0.00075995   -0.01352399 -0.01593404
 -0.00281873  0.00075995    0.05125914 -0.00210747   -0.00394886  0.01425715
 -0.01352399 -0.01593404   -0.00394886  0.01425715    0.00196415 -0.00237154
    2    1
  0.03008145  0.00967616   -0.00281873 -0.00075995   -0.01352399  0.01593404
 -0.00281873 -0.00075995    0.05125914  0.00210747   -0.00394886 -0.01425715
 -0.01352399  0.01593404   -0.00394886 -0.01425715    0.00196415  0.00237154
    2    2
  0.09640164  0.00000000    0.00300254 -0.00129390    0.00295271  0.00174064
  0.00300254  0.00129390    0.08776351  0.00000000    0.00364810 -0.00155259
  0.00295271 -0.00174064    0.00364810  0.00155259    0.03266616  0.00000000

     Dynamical  Matrix in cartesian axes

     q = (   -0.250000000   0.375000000  -0.231882866 ) 

    1    1
  0.08776351  0.00000000   -0.00300254  0.00129390    0.00364810  0.00155259
 -0.00300254 -0.00129390    0.09640164  0.00000000   -0.00295271  0.00174064
  0.00364810 -0.00155259   -0.00295271 -0.00174064    0.03266616 -0.00000000
    1    2
 -0.00210747 -0.05125914   -0.00075995 -0.00281873    0.01425715  0.00394886
 -0.00075995 -0.00281873   -0.00967616 -0.03008145    0.01593404 -0.01352399
  0.01425715  0.00394886    0.01593404 -0.01352399   -0.00237154 -0.00196415
    2    1
 -0.00210747  0.05125914   -0.00075995  0.00281873    0.01425715 -0.00394886
 -0.00075995  0.00281873   -0.00967616  0.03008145    0.01593404  0.01352399
  0.01425715 -0.00394886    0.01593404  0.01352399   -0.00237154  0.00196415
    2    2
  0.08776351  0.00000000   -0.00300254 -0.00129390    0.00364810 -0.00155259
 -0.00300254  0.00129390    0.09640164  0.00000000   -0.00295271 -0.00174064
  0.00364810  0.00155259   -0.00295271  0.00174064    0.03266616  0.00000000

     Dynamical  Matrix in cartesian axes

     q = (   -0.375000000   0.250000000  -0.231882866 ) 

    1    1
  0.09640164  0.00000000   -0.00300254  0.00129390    0.00295271  0.00174064
 -0.00300254 -0.00129390    0.08776351  0.00000000   -0.00364810  0.00155259
  0.00295271 -0.00174064   -0.00364810 -0.00155259    0.03266616  0.00000000
    1    2
 -0.03008145 -0.00967616   -0.00281873 -0.00075995    0.01352399 -0.01593404
 -0.00281873 -0.00075995   -0.05125914 -0.00210747   -0.00394886 -0.01425715
  0.01352399 -0.01593404   -0.00394886 -0.01425715   -0.00196415 -0.00237154
    2    1
 -0.03008145  0.00967616   -0.00281873  0.00075995    0.01352399  0.01593404
 -0.00281873  0.00075995   -0.05125914  0.00210747   -0.00394886  0.01425715
  0.01352399  0.01593404   -0.00394886  0.01425715   -0.00196415  0.00237154
    2    2
  0.09640164  0.00000000   -0.00300254 -0.00129390    0.00295271 -0.00174064
 -0.00300254  0.00129390    0.08776351  0.00000000   -0.00364810 -0.00155259
  0.00295271  0.00174064   -0.00364810  0.00155259    0.03266616 -0.00000000

     Dynamical  Matrix in cartesian axes

     q = (    0.250000000   0.375000000   0.231882866 ) 

    1    1
  0.08776351  0.00000000    0.00300254  0.00129390    0.00364810 -0.00155259
  0.00300254 -0.00129390    0.09640164  0.00000000    0.00295271  0.00174064
  0.00364810  0.00155259    0.00295271 -0.00174064    0.03266616  0.00000000
    1    2
  0.05125914  0.00210747   -0.00281873 -0.00075995   -0.00394886 -0.01425715
 -0.00281873 -0.00075995    0.03008145  0.00967616   -0.01352399  0.01593404
 -0.00394886 -0.01425715   -0.01352399  0.01593404    0.00196415  0.00237154
    2    1
  0.05125914 -0.00210747   -0.00281873  0.00075995   -0.00394886  0.01425715
 -0.00281873  0.00075995    0.03008145 -0.00967616   -0.01352399 -0.01593404
 -0.00394886  0.01425715   -0.01352399 -0.01593404    0.00196415 -0.00237154
    2    2
  0.08776351  0.00000000    0.00300254 -0.00129390    0.00364810  0.00155259
  0.00300254  0.00129390    0.09640164  0.00000000    0.00295271 -0.00174064
  0.00364810 -0.00155259    0.00295271  0.00174064    0.03266616 -0.00000000

     Dynamical  Matrix in cartesian axes

     q = (   -0.250000000  -0.375000000   0.231882866 ) 

    1    1
  0.08776351  0.00000000    0.00300254  0.00129390   -0.00364810  0.00155259
  0.00300254 -0.00129390    0.09640164  0.00000000   -0.00295271 -0.00174064
 -0.00364810 -0.00155259   -0.00295271  0.00174064    0.03266616  0.00000000
    1    2
  0.05125914  0.00210747   -0.00281873 -0.00075995    0.00394886  0.01425715
 -0.00281873 -0.00075995    0.03008145  0.00967616    0.01352399 -0.01593404
  0.00394886  0.01425715    0.01352399 -0.01593404    0.00196415  0.00237154
    2    1
  0.05125914 -0.00210747   -0.00281873  0.00075995    0.00394886 -0.01425715
 -0.00281873  0.00075995    0.03008145 -0.00967616    0.01352399  0.01593404
  0.00394886 -0.01425715    0.01352399  0.01593404    0.00196415 -0.00237154
    2    2
  0.08776351  0.00000000    0.00300254 -0.00129390   -0.00364810 -0.00155259
  0.00300254  0.00129390    0.09640164  0.00000000   -0.00295271  0.00174064
 -0.00364810  0.00155259   -0.00295271 -0.00174064    0.03266616 -0.00000000

     Dynamical  Matrix in cartesian axes

     q = (   -0.375000000  -0.250000000   0.231882866 ) 

    1    1
  0.09640164  0.00000000    0.00300254  0.00129390   -0.00295271  0.00174064
  0.00300254 -0.00129390    0.08776351  0.00000000   -0.00364810 -0.00155259
 -0.00295271 -0.00174064   -0.00364810  0.00155259    0.03266616 -0.00000000
    1    2
  0.02811288  0.01442872   -0.00253050 -0.00145578   -0.00170416  0.02082997
 -0.00253050 -0.00145578    0.03773589  0.03475547    0.01287359 -0.00728906
 -0.00170416  0.02082997    0.01287359 -0.00728906    0.00306580 -0.00028807
    2    1
  0.02811288 -0.01442872   -0.00253050  0.00145578   -0.00170416 -0.02082997
 -0.00253050  0.00145578    0.03773589 -0.03475547    0.01287359  0.00728906
 -0.00170416 -0.02082997    0.01287359  0.00728906    0.00306580  0.00028807
    2    2
  0.09640164  0.00000000    0.00300254 -0.00129390   -0.00295271 -0.00174064
  0.00300254  0.00129390    0.08776351  0.00000000   -0.00364810  0.00155259
 -0.00295271  0.00174064   -0.00364810 -0.00155259    0.03266616  0.00000000

     Diagonalizing the dynamical matrix

     q = (    0.250000000   0.375000000  -0.231882866 ) 

 **************************************************************************
     freq (    1) =       1.120144 [THz] =      37.363998 [cm-1]
 ( -0.108898  0.413659 -0.021224 -0.192443  0.426002  0.313154 ) 
 (  0.157264 -0.397794 -0.131083  0.142486  0.528718  0.000000 ) 
     freq (    2) =       1.457979 [THz] =      48.632947 [cm-1]
 ( -0.062694  0.050047 -0.253981 -0.109541 -0.566047 -0.310886 ) 
 (  0.030859  0.074047  0.275348  0.026252  0.645801  0.000000 ) 
     freq (    3) =       2.241106 [THz] =      74.755256 [cm-1]
 (  0.244950 -0.504357 -0.051593 -0.124671  0.266721  0.310288 ) 
 ( -0.222800  0.514526 -0.128174  0.042144  0.409169  0.000000 ) 
     freq (    4) =       2.785496 [THz] =      92.914134 [cm-1]
 ( -0.043172  0.042003  0.421732  0.453464  0.141938 -0.304530 ) 
 ( -0.056310  0.021386 -0.232850 -0.573819  0.335983  0.000000 ) 
     freq (    5) =       3.619769 [THz] =     120.742512 [cm-1]
 ( -0.104949 -0.113289 -0.440364 -0.519602  0.051134 -0.098131 ) 
 ( -0.051970 -0.145423 -0.257299 -0.630638 -0.110654  0.000000 ) 
     freq (    6) =       3.756968 [THz] =     125.318973 [cm-1]
 ( -0.007010  0.684609 -0.056929 -0.131034  0.104122  0.002898 ) 
 ( -0.012039  0.684539  0.060552 -0.129400 -0.104163  0.000000 ) 
 **************************************************************************
