Dynamical matrix file
                                                                           
  1    2  0 11.0780329  0.0000000  0.0000000  0.0000000  0.0000000  0.0000000
Basis vectors
      1.000000000    0.000000000    0.000000000
      0.000000000    1.000000000    0.000000000
      0.500000000    0.500000000    0.269532635
           1  'Sn  '    108197.54598352207     
    1    1      1.0000000000      1.2500000000      0.2021494763
    2    1      0.5000000000      0.2500000000      0.0673831588

     Dynamical  Matrix in cartesian axes

     q = (    0.250000000   0.250000000  -0.927531466 ) 

    1    1
  0.08274224  0.00000000   -0.00095907 -0.00948658   -0.00243507 -0.00416852
 -0.00095907  0.00948658    0.08274224  0.00000000   -0.00243507  0.00416852
 -0.00243507  0.00416852   -0.00243507 -0.00416852    0.11003644  0.00000000
    1    2
  0.02621369 -0.02379171    0.00000000  0.00418952   -0.01562140 -0.01575998
  0.00000000  0.00418952   -0.02621369 -0.02379171    0.01562140 -0.01575998
 -0.01562140 -0.01575998    0.01562140 -0.01575998    0.00000000 -0.00146639
    2    1
  0.02621369  0.02379171    0.00000000 -0.00418952   -0.01562140  0.01575998
  0.00000000 -0.00418952   -0.02621369  0.02379171    0.01562140  0.01575998
 -0.01562140  0.01575998    0.01562140  0.01575998    0.00000000  0.00146639
    2    2
  0.08274224  0.00000000   -0.00095907  0.00948658   -0.00243507  0.00416852
 -0.00095907 -0.00948658    0.08274224  0.00000000   -0.00243507 -0.00416852
 -0.00243507 -0.00416852   -0.00243507  0.00416852    0.11003644  0.00000000

     Dynamical  Matrix in cartesian axes

     q = (   -0.250000000  -0.250000000  -0.927531466 ) 

    1    1
  0.08274224  0.00000000   -0.00095907 -0.00948658    0.00243507  0.00416852
 -0.00095907  0.00948658    0.08274224  0.00000000    0.00243507 -0.00416852
  0.00243507 -0.00416852    0.00243507  0.00416852    0.11003644  0.00000000
    1    2
  0.02379171  0.02621369   -0.00418952  0.00000000   -0.01575998  0.01562140
 -0.00418952  0.00000000    0.02379171 -0.02621369   -0.01575998 -0.01562140
 -0.01575998  0.01562140   -0.01575998 -0.01562140    0.00146639 -0.00000000
    2    1
  0.02379171 -0.02621369   -0.00418952 -0.00000000   -0.01575998 -0.01562140
 -0.00418952 -0.00000000    0.02379171  0.02621369   -0.01575998  0.01562140
 -0.01575998 -0.01562140   -0.01575998  0.01562140    0.00146639  0.00000000
    2    2
  0.08274224  0.00000000   -0.00095907  0.00948658    0.00243507 -0.00416852
 -0.00095907 -0.00948658    0.08274224  0.00000000    0.00243507  0.00416852
  0.00243507  0.00416852    0.00243507 -0.00416852    0.11003644  0.00000000

     Dynamical  Matrix in cartesian axes

     q = (   -0.250000000   0.250000000   0.927531466 ) 

    1    1
  0.08274224  0.00000000    0.00095907 -0.00948658   -0.00243507  0.00416852
  0.00095907  0.00948658    0.08274224  0.00000000    0.00243507  0.00416852
 -0.00243507 -0.00416852    0.00243507 -0.00416852    0.11003644  0.00000000
    1    2
 -0.02621369 -0.02379171    0.00000000 -0.00418952    0.01562140 -0.01575998
  0.00000000 -0.00418952    0.02621369 -0.02379171    0.01562140  0.01575998
  0.01562140 -0.01575998    0.01562140  0.01575998    0.00000000 -0.00146639
    2    1
 -0.02621369  0.02379171    0.00000000  0.00418952    0.01562140  0.01575998
  0.00000000  0.00418952    0.02621369  0.02379171    0.01562140 -0.01575998
  0.01562140  0.01575998    0.01562140 -0.01575998    0.00000000  0.00146639
    2    2
  0.08274224  0.00000000    0.00095907  0.00948658   -0.00243507 -0.00416852
  0.00095907 -0.00948658    0.08274224  0.00000000    0.00243507 -0.00416852
 -0.00243507  0.00416852    0.00243507  0.00416852    0.11003644  0.00000000

     Dynamical  Matrix in cartesian axes

     q = (    0.250000000  -0.250000000   0.927531466 ) 

    1    1
  0.08274224  0.00000000    0.00095907 -0.00948658    0.00243507 -0.00416852
  0.00095907  0.00948658    0.08274224  0.00000000   -0.00243507 -0.00416852
  0.00243507  0.00416852   -0.00243507  0.00416852    0.11003644  0.00000000
    1    2
 -0.02379171  0.02621369   -0.00418952 -0.00000000    0.01575998  0.01562140
 -0.00418952 -0.00000000   -0.02379171 -0.02621369   -0.01575998  0.01562140
  0.01575998  0.01562140   -0.01575998  0.01562140   -0.00146639 -0.00000000
    2    1
 -0.02379171 -0.02621369   -0.00418952  0.00000000    0.01575998 -0.01562140
 -0.00418952  0.00000000   -0.02379171  0.02621369   -0.01575998 -0.01562140
  0.01575998 -0.01562140   -0.01575998 -0.01562140   -0.00146639  0.00000000
    2    2
  0.08274224  0.00000000    0.00095907  0.00948658    0.00243507  0.00416852
  0.00095907 -0.00948658    0.08274224  0.00000000   -0.00243507  0.00416852
  0.00243507 -0.00416852   -0.00243507 -0.00416852    0.11003644  0.00000000

     Dynamical  Matrix in cartesian axes

     q = (    0.250000000  -0.250000000  -0.927531466 ) 

    1    1
  0.08274224  0.00000000    0.00095907  0.00948658   -0.00243507 -0.00416852
  0.00095907 -0.00948658    0.08274224  0.00000000    0.00243507 -0.00416852
 -0.00243507  0.00416852    0.00243507  0.00416852    0.11003644  0.00000000
    1    2
 -0.02621369  0.02379171    0.00000000  0.00418952    0.01562140  0.01575998
  0.00000000  0.00418952    0.02621369  0.02379171    0.01562140 -0.01575998
  0.01562140  0.01575998    0.01562140 -0.01575998   -0.00000000  0.00146639
    2    1
 -0.02621369 -0.02379171    0.00000000 -0.00418952    0.01562140 -0.01575998
  0.00000000 -0.00418952    0.02621369 -0.02379171    0.01562140  0.01575998
  0.01562140 -0.01575998    0.01562140  0.01575998   -0.00000000 -0.00146639
    2    2
  0.08274224  0.00000000    0.00095907 -0.00948658   -0.00243507  0.00416852
  0.00095907  0.00948658    0.08274224  0.00000000    0.00243507  0.00416852
 -0.00243507 -0.00416852    0.00243507 -0.00416852    0.11003644  0.00000000

     Dynamical  Matrix in cartesian axes

     q = (    0.250000000   0.250000000   0.927531466 ) 

    1    1
  0.08274224  0.00000000   -0.00095907  0.00948658    0.00243507 -0.00416852
 -0.00095907 -0.00948658    0.08274224  0.00000000    0.00243507  0.00416852
  0.00243507  0.00416852    0.00243507 -0.00416852    0.11003644  0.00000000
    1    2
  0.02379171 -0.02621369   -0.00418952 -0.00000000   -0.01575998 -0.01562140
 -0.00418952 -0.00000000    0.02379171  0.02621369   -0.01575998  0.01562140
 -0.01575998 -0.01562140   -0.01575998  0.01562140    0.00146639 -0.00000000
    2    1
  0.02379171  0.02621369   -0.00418952  0.00000000   -0.01575998  0.01562140
 -0.00418952  0.00000000    0.02379171 -0.02621369   -0.01575998 -0.01562140
 -0.01575998  0.01562140   -0.01575998 -0.01562140    0.00146639  0.00000000
    2    2
  0.08274224  0.00000000   -0.00095907 -0.00948658    0.00243507  0.00416852
 -0.00095907  0.00948658    0.08274224  0.00000000    0.00243507 -0.00416852
  0.00243507 -0.00416852    0.00243507  0.00416852    0.11003644  0.00000000

     Dynamical  Matrix in cartesian axes

     q = (   -0.250000000   0.250000000  -0.927531466 ) 

    1    1
  0.08274224  0.00000000    0.00095907  0.00948658    0.00243507  0.00416852
  0.00095907 -0.00948658    0.08274224  0.00000000   -0.00243507  0.00416852
  0.00243507 -0.00416852   -0.00243507 -0.00416852    0.11003644  0.00000000
    1    2
 -0.02379171 -0.02621369   -0.00418952 -0.00000000    0.01575998 -0.01562140
 -0.00418952 -0.00000000   -0.02379171  0.02621369   -0.01575998 -0.01562140
  0.01575998 -0.01562140   -0.01575998 -0.01562140   -0.00146639  0.00000000
    2    1
 -0.02379171  0.02621369   -0.00418952  0.00000000    0.01575998  0.01562140
 -0.00418952  0.00000000   -0.02379171 -0.02621369   -0.01575998  0.01562140
  0.01575998  0.01562140   -0.01575998  0.01562140   -0.00146639  0.00000000
    2    2
  0.08274224  0.00000000    0.00095907 -0.00948658    0.00243507 -0.00416852
  0.00095907  0.00948658    0.08274224  0.00000000   -0.00243507 -0.00416852
  0.00243507  0.00416852   -0.00243507  0.00416852    0.11003644  0.00000000

     Dynamical  Matrix in cartesian axes

     q = (   -0.250000000  -0.250000000   0.927531466 ) 

    1    1
  0.08274224  0.00000000   -0.00095907  0.00948658   -0.00243507  0.00416852
 -0.00095907 -0.00948658    0.08274224  0.00000000   -0.00243507 -0.00416852
 -0.00243507 -0.00416852   -0.00243507  0.00416852    0.11003644  0.00000000
    1    2
  0.02621369  0.02379171    0.00000000 -0.00418952   -0.01562140  0.01575998
  0.00000000 -0.00418952   -0.02621369  0.02379171    0.01562140  0.01575998
 -0.01562140  0.01575998    0.01562140  0.01575998   -0.00000000  0.00146639
    2    1
  0.02621369 -0.02379171    0.00000000  0.00418952   -0.01562140 -0.01575998
  0.00000000  0.00418952   -0.02621369 -0.02379171    0.01562140 -0.01575998
 -0.01562140 -0.01575998    0.01562140 -0.01575998   -0.00000000 -0.00146639
    2    2
  0.08274224  0.00000000   -0.00095907 -0.00948658   -0.00243507 -0.00416852
 -0.00095907  0.00948658    0.08274224  0.00000000   -0.00243507  0.00416852
 -0.00243507  0.00416852   -0.00243507 -0.00416852    0.11003644  0.00000000

     Diagonalizing the dynamical matrix

     q = (    0.250000000   0.250000000  -0.927531466 ) 

 **************************************************************************
     freq (    1) =       1.899193 [THz] =      63.350261 [cm-1]
 (  0.426751  0.166967 -0.426751  0.166967 -0.000000 -0.282862 ) 
 ( -0.166967 -0.426751 -0.166967  0.426751  0.282862  0.000000 ) 
     freq (    2) =       1.992247 [THz] =      66.454205 [cm-1]
 ( -0.193466  0.444970  0.193466  0.444970  0.000000  0.170718 ) 
 (  0.444970 -0.193466  0.444970  0.193466  0.170718 -0.000000 ) 
     freq (    3) =       3.068445 [THz] =     102.352307 [cm-1]
 (  0.307654  0.027089 -0.307654  0.027089  0.000000  0.556085 ) 
 (  0.027089  0.307654  0.027089 -0.307654  0.556085  0.000000 ) 
     freq (    4) =       3.221741 [THz] =     107.465709 [cm-1]
 ( -0.234778  0.412864  0.234778  0.412864 -0.000000 -0.221009 ) 
 ( -0.412864  0.234778 -0.412864 -0.234778  0.221009  0.000000 ) 
     freq (    5) =       3.589218 [THz] =     119.723422 [cm-1]
 ( -0.112971 -0.227301  0.112971 -0.227301 -0.000000 -0.609216 ) 
 (  0.227301  0.112971  0.227301 -0.112971  0.609216  0.000000 ) 
     freq (    6) =       3.855851 [THz] =     128.617329 [cm-1]
 ( -0.343395 -0.226423  0.343395 -0.226423  0.000000  0.402026 ) 
 ( -0.226423 -0.343395 -0.226423  0.343395  0.402026  0.000000 ) 
 **************************************************************************
