Dynamical matrix file
                                                                           
  1    2  0 11.0780329  0.0000000  0.0000000  0.0000000  0.0000000  0.0000000
Basis vectors
      1.000000000    0.000000000    0.000000000
      0.000000000    1.000000000    0.000000000
      0.500000000    0.500000000    0.269532635
           1  'Sn  '    108197.54598352207     
    1    1      1.0000000000      1.2500000000      0.2021494763
    2    1      0.5000000000      0.2500000000      0.0673831588

     Dynamical  Matrix in cartesian axes

     q = (    0.125000000   0.375000000   0.000000000 ) 

    1    1
  0.08930215  0.00000000    0.00567713  0.00000000    0.00000000 -0.00039178
  0.00567713  0.00000000    0.09933841  0.00000000    0.00000000  0.00195276
  0.00000000  0.00039178    0.00000000 -0.00195276    0.01967487  0.00000000
    1    2
  0.07082894 -0.02933831    0.00003865 -0.00001601   -0.00201919 -0.00487475
  0.00003865 -0.00001601    0.02954781 -0.01223910    0.00688599  0.01662424
 -0.00201919 -0.00487475    0.00688599  0.01662424   -0.00062364  0.00025832
    2    1
  0.07082894  0.02933831    0.00003865  0.00001601   -0.00201919  0.00487475
  0.00003865  0.00001601    0.02954781  0.01223910    0.00688599 -0.01662424
 -0.00201919  0.00487475    0.00688599 -0.01662424   -0.00062364 -0.00025832
    2    2
  0.08930215  0.00000000    0.00567713  0.00000000    0.00000000  0.00039178
  0.00567713  0.00000000    0.09933841  0.00000000    0.00000000 -0.00195276
  0.00000000 -0.00039178    0.00000000  0.00195276    0.01967487  0.00000000

     Dynamical  Matrix in cartesian axes

     q = (   -0.125000000  -0.375000000   0.000000000 ) 

    1    1
  0.08930215  0.00000000    0.00567713  0.00000000    0.00000000  0.00039178
  0.00567713  0.00000000    0.09933841  0.00000000    0.00000000 -0.00195276
  0.00000000 -0.00039178    0.00000000  0.00195276    0.01967487  0.00000000
    1    2
  0.07082894  0.02933831    0.00003865  0.00001601   -0.00201919  0.00487475
  0.00003865  0.00001601    0.02954781  0.01223910    0.00688599 -0.01662424
 -0.00201919  0.00487475    0.00688599 -0.01662424   -0.00062364 -0.00025832
    2    1
  0.07082894 -0.02933831    0.00003865 -0.00001601   -0.00201919 -0.00487475
  0.00003865 -0.00001601    0.02954781 -0.01223910    0.00688599  0.01662424
 -0.00201919 -0.00487475    0.00688599  0.01662424   -0.00062364  0.00025832
    2    2
  0.08930215  0.00000000    0.00567713  0.00000000    0.00000000 -0.00039178
  0.00567713  0.00000000    0.09933841  0.00000000    0.00000000  0.00195276
  0.00000000  0.00039178    0.00000000 -0.00195276    0.01967487  0.00000000

     Dynamical  Matrix in cartesian axes

     q = (   -0.375000000  -0.125000000   0.000000000 ) 

    1    1
  0.09933841  0.00000000    0.00567713  0.00000000    0.00000000  0.00195276
  0.00567713  0.00000000    0.08930215  0.00000000    0.00000000 -0.00039178
  0.00000000 -0.00195276    0.00000000  0.00039178    0.01967487 -0.00000000
    1    2
  0.01223910  0.02954781    0.00001601  0.00003865   -0.01662424  0.00688599
  0.00001601  0.00003865    0.02933831  0.07082894    0.00487475 -0.00201919
 -0.01662424  0.00688599    0.00487475 -0.00201919   -0.00025832 -0.00062364
    2    1
  0.01223910 -0.02954781    0.00001601 -0.00003865   -0.01662424 -0.00688599
  0.00001601 -0.00003865    0.02933831 -0.07082894    0.00487475  0.00201919
 -0.01662424 -0.00688599    0.00487475  0.00201919   -0.00025832  0.00062364
    2    2
  0.09933841  0.00000000    0.00567713  0.00000000    0.00000000 -0.00195276
  0.00567713  0.00000000    0.08930215  0.00000000    0.00000000  0.00039178
  0.00000000  0.00195276    0.00000000 -0.00039178    0.01967487  0.00000000

     Dynamical  Matrix in cartesian axes

     q = (   -0.125000000   0.375000000   0.000000000 ) 

    1    1
  0.08930215  0.00000000   -0.00567713  0.00000000    0.00000000  0.00039178
 -0.00567713  0.00000000    0.09933841  0.00000000    0.00000000  0.00195276
  0.00000000 -0.00039178    0.00000000 -0.00195276    0.01967487  0.00000000
    1    2
  0.02933831 -0.07082894   -0.00001601  0.00003865    0.00487475  0.00201919
 -0.00001601  0.00003865    0.01223910 -0.02954781    0.01662424  0.00688599
  0.00487475  0.00201919    0.01662424  0.00688599   -0.00025832  0.00062364
    2    1
  0.02933831  0.07082894   -0.00001601 -0.00003865    0.00487475 -0.00201919
 -0.00001601 -0.00003865    0.01223910  0.02954781    0.01662424 -0.00688599
  0.00487475 -0.00201919    0.01662424 -0.00688599   -0.00025832 -0.00062364
    2    2
  0.08930215  0.00000000   -0.00567713  0.00000000    0.00000000 -0.00039178
 -0.00567713  0.00000000    0.09933841  0.00000000    0.00000000 -0.00195276
  0.00000000  0.00039178    0.00000000  0.00195276    0.01967487  0.00000000

     Dynamical  Matrix in cartesian axes

     q = (    0.125000000  -0.375000000  -0.000000000 ) 

    1    1
  0.08930215  0.00000000   -0.00567713  0.00000000    0.00000000 -0.00039178
 -0.00567713  0.00000000    0.09933841  0.00000000    0.00000000 -0.00195276
  0.00000000  0.00039178    0.00000000  0.00195276    0.01967487  0.00000000
    1    2
  0.02933831  0.07082894   -0.00001601 -0.00003865    0.00487475 -0.00201919
 -0.00001601 -0.00003865    0.01223910  0.02954781    0.01662424 -0.00688599
  0.00487475 -0.00201919    0.01662424 -0.00688599   -0.00025832 -0.00062364
    2    1
  0.02933831 -0.07082894   -0.00001601  0.00003865    0.00487475  0.00201919
 -0.00001601  0.00003865    0.01223910 -0.02954781    0.01662424  0.00688599
  0.00487475  0.00201919    0.01662424  0.00688599   -0.00025832  0.00062364
    2    2
  0.08930215  0.00000000   -0.00567713  0.00000000    0.00000000  0.00039178
 -0.00567713  0.00000000    0.09933841  0.00000000    0.00000000  0.00195276
  0.00000000 -0.00039178    0.00000000 -0.00195276    0.01967487  0.00000000

     Dynamical  Matrix in cartesian axes

     q = (   -0.375000000   0.125000000  -0.000000000 ) 

    1    1
  0.09933841  0.00000000   -0.00567713  0.00000000    0.00000000  0.00195276
 -0.00567713  0.00000000    0.08930215  0.00000000    0.00000000  0.00039178
  0.00000000 -0.00195276    0.00000000 -0.00039178    0.01967487  0.00000000
    1    2
 -0.02954781  0.01223910    0.00003865 -0.00001601   -0.00688599 -0.01662424
  0.00003865 -0.00001601   -0.07082894  0.02933831   -0.00201919 -0.00487475
 -0.00688599 -0.01662424   -0.00201919 -0.00487475    0.00062364 -0.00025832
    2    1
 -0.02954781 -0.01223910    0.00003865  0.00001601   -0.00688599  0.01662424
  0.00003865  0.00001601   -0.07082894 -0.02933831   -0.00201919  0.00487475
 -0.00688599  0.01662424   -0.00201919  0.00487475    0.00062364  0.00025832
    2    2
  0.09933841  0.00000000   -0.00567713  0.00000000    0.00000000 -0.00195276
 -0.00567713  0.00000000    0.08930215  0.00000000    0.00000000 -0.00039178
  0.00000000  0.00195276    0.00000000  0.00039178    0.01967487 -0.00000000

     Dynamical  Matrix in cartesian axes

     q = (    0.375000000  -0.125000000   0.000000000 ) 

    1    1
  0.09933841  0.00000000   -0.00567713  0.00000000    0.00000000 -0.00195276
 -0.00567713  0.00000000    0.08930215  0.00000000    0.00000000 -0.00039178
  0.00000000  0.00195276    0.00000000  0.00039178    0.01967487 -0.00000000
    1    2
 -0.02954781 -0.01223910    0.00003865  0.00001601   -0.00688599  0.01662424
  0.00003865  0.00001601   -0.07082894 -0.02933831   -0.00201919  0.00487475
 -0.00688599  0.01662424   -0.00201919  0.00487475    0.00062364  0.00025832
    2    1
 -0.02954781  0.01223910    0.00003865 -0.00001601   -0.00688599 -0.01662424
  0.00003865 -0.00001601   -0.07082894  0.02933831   -0.00201919 -0.00487475
 -0.00688599 -0.01662424   -0.00201919 -0.00487475    0.00062364 -0.00025832
    2    2
  0.09933841  0.00000000   -0.00567713  0.00000000    0.00000000  0.00195276
 -0.00567713  0.00000000    0.08930215  0.00000000    0.00000000  0.00039178
  0.00000000 -0.00195276    0.00000000 -0.00039178    0.01967487  0.00000000

     Dynamical  Matrix in cartesian axes

     q = (    0.375000000   0.125000000   0.000000000 ) 

    1    1
  0.09933841  0.00000000    0.00567713  0.00000000    0.00000000 -0.00195276
  0.00567713  0.00000000    0.08930215  0.00000000    0.00000000  0.00039178
  0.00000000  0.00195276    0.00000000 -0.00039178    0.01967487  0.00000000
    1    2
  0.01223910 -0.02954781    0.00001601 -0.00003865   -0.01662424 -0.00688599
  0.00001601 -0.00003865    0.02933831 -0.07082894    0.00487475  0.00201919
 -0.01662424 -0.00688599    0.00487475  0.00201919   -0.00025832  0.00062364
    2    1
  0.01223910  0.02954781    0.00001601  0.00003865   -0.01662424  0.00688599
  0.00001601  0.00003865    0.02933831  0.07082894    0.00487475 -0.00201919
 -0.01662424  0.00688599    0.00487475 -0.00201919   -0.00025832 -0.00062364
    2    2
  0.09933841  0.00000000    0.00567713  0.00000000    0.00000000  0.00195276
  0.00567713  0.00000000    0.08930215  0.00000000    0.00000000 -0.00039178
  0.00000000 -0.00195276    0.00000000  0.00039178    0.01967487 -0.00000000

     Diagonalizing the dynamical matrix

     q = (    0.125000000   0.375000000   0.000000000 ) 

 **************************************************************************
     freq (    1) =       0.700575 [THz] =      23.368668 [cm-1]
 (  0.186972  0.451390 -0.074627 -0.180165  0.436537 -0.180820 ) 
 ( -0.000000 -0.488581  0.000000  0.195009  0.472504  0.000000 ) 
     freq (    2) =       1.336716 [THz] =      44.588047 [cm-1]
 (  0.010309  0.024889 -0.038363 -0.092618 -0.646204  0.267666 ) 
 ( -0.000000  0.026939 -0.000000 -0.100249  0.699446  0.000000 ) 
     freq (    3) =       1.392241 [THz] =      46.440166 [cm-1]
 ( -0.195042 -0.470874 -0.052013 -0.125571  0.435070 -0.180212 ) 
 (  0.000000  0.509671  0.000000  0.135917  0.470917  0.000000 ) 
     freq (    4) =       2.733720 [THz] =      91.187071 [cm-1]
 (  0.014943  0.036076  0.254851  0.615264  0.216623 -0.089728 ) 
 (  0.000000 -0.039049 -0.000000 -0.665957  0.234472  0.000000 ) 
     freq (    5) =       3.645431 [THz] =     121.598501 [cm-1]
 ( -0.039892 -0.096308  0.264714  0.639076 -0.095305  0.039477 ) 
 ( -0.000000 -0.104243  0.000000  0.691731  0.103158  0.000000 ) 
     freq (    6) =       4.086254 [THz] =     136.302755 [cm-1]
 ( -0.267443 -0.645664 -0.040964 -0.098896 -0.010694  0.004429 ) 
 ( -0.000000 -0.698862 -0.000000 -0.107044  0.011575  0.000000 ) 
 **************************************************************************
