Dynamical matrix file
                                                                           
  1    2  0 11.0780329  0.0000000  0.0000000  0.0000000  0.0000000  0.0000000
Basis vectors
      1.000000000    0.000000000    0.000000000
      0.000000000    1.000000000    0.000000000
      0.500000000    0.500000000    0.269532635
           1  'Sn  '    108197.54598352207     
    1    1      1.0000000000      1.2500000000      0.2021494763
    2    1      0.5000000000      0.2500000000      0.0673831588

     Dynamical  Matrix in cartesian axes

     q = (    0.125000000   0.250000000  -2.086945798 ) 

    1    1
  0.09607331  0.00000000    0.00161034 -0.00051828   -0.00060212  0.00053307
  0.00161034  0.00051828    0.09812698  0.00000000   -0.00408389 -0.00116106
 -0.00060212 -0.00053307   -0.00408389  0.00116106    0.03315295  0.00000000
    1    2
  0.02722274 -0.07948372    0.00025773  0.00255072   -0.00753128 -0.00374340
  0.00025773  0.00255072   -0.00323453  0.06362274   -0.01401482  0.00181193
 -0.00753128 -0.00374340   -0.01401482  0.00181193   -0.00666474 -0.00317300
    2    1
  0.02722274  0.07948372    0.00025773 -0.00255072   -0.00753128  0.00374340
  0.00025773 -0.00255072   -0.00323453 -0.06362274   -0.01401482 -0.00181193
 -0.00753128  0.00374340   -0.01401482 -0.00181193   -0.00666474  0.00317300
    2    2
  0.09607331  0.00000000    0.00161034  0.00051828   -0.00060212 -0.00053307
  0.00161034 -0.00051828    0.09812698  0.00000000   -0.00408389  0.00116106
 -0.00060212  0.00053307   -0.00408389 -0.00116106    0.03315295 -0.00000000

     Dynamical  Matrix in cartesian axes

     q = (    0.250000000   0.125000000  -2.086945798 ) 

    1    1
  0.09812698  0.00000000    0.00161034 -0.00051828   -0.00408389  0.00116106
  0.00161034  0.00051828    0.09607331  0.00000000   -0.00060212 -0.00053307
 -0.00408389 -0.00116106   -0.00060212  0.00053307    0.03315295 -0.00000000
    1    2
 -0.00323453 -0.06362274    0.00025773 -0.00255072   -0.01401482 -0.00181193
  0.00025773 -0.00255072    0.02722274  0.07948372   -0.00753128  0.00374340
 -0.01401482 -0.00181193   -0.00753128  0.00374340   -0.00666474  0.00317300
    2    1
 -0.00323453  0.06362274    0.00025773  0.00255072   -0.01401482  0.00181193
  0.00025773  0.00255072    0.02722274 -0.07948372   -0.00753128 -0.00374340
 -0.01401482  0.00181193   -0.00753128 -0.00374340   -0.00666474 -0.00317300
    2    2
  0.09812698  0.00000000    0.00161034  0.00051828   -0.00408389 -0.00116106
  0.00161034 -0.00051828    0.09607331  0.00000000   -0.00060212  0.00053307
 -0.00408389  0.00116106   -0.00060212 -0.00053307    0.03315295  0.00000000

     Dynamical  Matrix in cartesian axes

     q = (   -0.125000000  -0.250000000  -2.086945798 ) 

    1    1
  0.09607331  0.00000000    0.00161034 -0.00051828    0.00060212 -0.00053307
  0.00161034  0.00051828    0.09812698  0.00000000    0.00408389  0.00116106
  0.00060212  0.00053307    0.00408389 -0.00116106    0.03315295  0.00000000
    1    2
  0.03695410  0.07545286   -0.00198587 -0.00162139   -0.00797240  0.00267843
 -0.00198587 -0.00162139   -0.04270091 -0.04727523   -0.00862875  0.01119120
 -0.00797240  0.00267843   -0.00862875  0.01119120    0.00695633 -0.00246904
    2    1
  0.03695410 -0.07545286   -0.00198587  0.00162139   -0.00797240 -0.00267843
 -0.00198587  0.00162139   -0.04270091  0.04727523   -0.00862875 -0.01119120
 -0.00797240 -0.00267843   -0.00862875 -0.01119120    0.00695633  0.00246904
    2    2
  0.09607331  0.00000000    0.00161034  0.00051828    0.00060212  0.00053307
  0.00161034 -0.00051828    0.09812698  0.00000000    0.00408389 -0.00116106
  0.00060212 -0.00053307    0.00408389  0.00116106    0.03315295 -0.00000000

     Dynamical  Matrix in cartesian axes

     q = (   -0.250000000  -0.125000000  -2.086945798 ) 

    1    1
  0.09812698  0.00000000    0.00161034 -0.00051828    0.00408389 -0.00116106
  0.00161034  0.00051828    0.09607331  0.00000000    0.00060212  0.00053307
  0.00408389  0.00116106    0.00060212 -0.00053307    0.03315295 -0.00000000
    1    2
  0.00323453  0.06362274   -0.00025773  0.00255072   -0.01401482 -0.00181193
 -0.00025773  0.00255072   -0.02722274 -0.07948372   -0.00753128  0.00374340
 -0.01401482 -0.00181193   -0.00753128  0.00374340    0.00666474 -0.00317300
    2    1
  0.00323453 -0.06362274   -0.00025773 -0.00255072   -0.01401482  0.00181193
 -0.00025773 -0.00255072   -0.02722274  0.07948372   -0.00753128 -0.00374340
 -0.01401482  0.00181193   -0.00753128 -0.00374340    0.00666474  0.00317300
    2    2
  0.09812698  0.00000000    0.00161034  0.00051828    0.00408389  0.00116106
  0.00161034 -0.00051828    0.09607331  0.00000000    0.00060212 -0.00053307
  0.00408389 -0.00116106    0.00060212  0.00053307    0.03315295  0.00000000

     Dynamical  Matrix in cartesian axes

     q = (   -0.125000000   0.250000000   2.086945798 ) 

    1    1
  0.09607331  0.00000000   -0.00161034 -0.00051828   -0.00060212 -0.00053307
 -0.00161034  0.00051828    0.09812698  0.00000000    0.00408389 -0.00116106
 -0.00060212  0.00053307    0.00408389  0.00116106    0.03315295 -0.00000000
    1    2
 -0.02722274 -0.07948372    0.00025773 -0.00255072    0.00753128 -0.00374340
  0.00025773 -0.00255072    0.00323453  0.06362274   -0.01401482 -0.00181193
  0.00753128 -0.00374340   -0.01401482 -0.00181193    0.00666474 -0.00317300
    2    1
 -0.02722274  0.07948372    0.00025773  0.00255072    0.00753128  0.00374340
  0.00025773  0.00255072    0.00323453 -0.06362274   -0.01401482  0.00181193
  0.00753128  0.00374340   -0.01401482  0.00181193    0.00666474  0.00317300
    2    2
  0.09607331  0.00000000   -0.00161034  0.00051828   -0.00060212  0.00053307
 -0.00161034 -0.00051828    0.09812698  0.00000000    0.00408389  0.00116106
 -0.00060212 -0.00053307    0.00408389 -0.00116106    0.03315295  0.00000000

     Dynamical  Matrix in cartesian axes

     q = (    0.125000000  -0.250000000   2.086945798 ) 

    1    1
  0.09607331  0.00000000   -0.00161034 -0.00051828    0.00060212  0.00053307
 -0.00161034  0.00051828    0.09812698  0.00000000   -0.00408389  0.00116106
  0.00060212 -0.00053307   -0.00408389 -0.00116106    0.03315295 -0.00000000
    1    2
 -0.03695410  0.07545286   -0.00198587  0.00162139    0.00797240  0.00267843
 -0.00198587  0.00162139    0.04270091 -0.04727523   -0.00862875 -0.01119120
  0.00797240  0.00267843   -0.00862875 -0.01119120   -0.00695633 -0.00246904
    2    1
 -0.03695410 -0.07545286   -0.00198587 -0.00162139    0.00797240 -0.00267843
 -0.00198587 -0.00162139    0.04270091  0.04727523   -0.00862875  0.01119120
  0.00797240 -0.00267843   -0.00862875  0.01119120   -0.00695633  0.00246904
    2    2
  0.09607331  0.00000000   -0.00161034  0.00051828    0.00060212 -0.00053307
 -0.00161034 -0.00051828    0.09812698  0.00000000   -0.00408389 -0.00116106
  0.00060212  0.00053307   -0.00408389  0.00116106    0.03315295  0.00000000

     Dynamical  Matrix in cartesian axes

     q = (   -0.250000000   0.125000000   2.086945798 ) 

    1    1
  0.09812698  0.00000000   -0.00161034 -0.00051828   -0.00408389 -0.00116106
 -0.00161034  0.00051828    0.09607331  0.00000000    0.00060212 -0.00053307
 -0.00408389  0.00116106    0.00060212  0.00053307    0.03315295  0.00000000
    1    2
 -0.06362274 -0.00323453    0.00255072 -0.00025773   -0.00181193 -0.01401482
  0.00255072 -0.00025773    0.07948372  0.02722274   -0.00374340  0.00753128
 -0.00181193 -0.01401482   -0.00374340  0.00753128    0.00317300 -0.00666474
    2    1
 -0.06362274  0.00323453    0.00255072  0.00025773   -0.00181193  0.01401482
  0.00255072  0.00025773    0.07948372 -0.02722274   -0.00374340 -0.00753128
 -0.00181193  0.01401482   -0.00374340 -0.00753128    0.00317300  0.00666474
    2    2
  0.09812698  0.00000000   -0.00161034  0.00051828   -0.00408389  0.00116106
 -0.00161034 -0.00051828    0.09607331  0.00000000    0.00060212  0.00053307
 -0.00408389 -0.00116106    0.00060212 -0.00053307    0.03315295 -0.00000000

     Dynamical  Matrix in cartesian axes

     q = (    0.250000000  -0.125000000   2.086945798 ) 

    1    1
  0.09812698  0.00000000   -0.00161034 -0.00051828    0.00408389  0.00116106
 -0.00161034  0.00051828    0.09607331  0.00000000   -0.00060212  0.00053307
  0.00408389 -0.00116106   -0.00060212 -0.00053307    0.03315295  0.00000000
    1    2
 -0.06362274 -0.00323453    0.00255072 -0.00025773    0.00181193  0.01401482
  0.00255072 -0.00025773    0.07948372  0.02722274    0.00374340 -0.00753128
  0.00181193  0.01401482    0.00374340 -0.00753128    0.00317300 -0.00666474
    2    1
 -0.06362274  0.00323453    0.00255072  0.00025773    0.00181193 -0.01401482
  0.00255072  0.00025773    0.07948372 -0.02722274    0.00374340  0.00753128
  0.00181193 -0.01401482    0.00374340  0.00753128    0.00317300  0.00666474
    2    2
  0.09812698  0.00000000   -0.00161034  0.00051828    0.00408389 -0.00116106
 -0.00161034 -0.00051828    0.09607331  0.00000000   -0.00060212 -0.00053307
  0.00408389  0.00116106   -0.00060212  0.00053307    0.03315295 -0.00000000

     Dynamical  Matrix in cartesian axes

     q = (    0.125000000  -0.250000000  -2.086945798 ) 

    1    1
  0.09607331  0.00000000   -0.00161034  0.00051828   -0.00060212  0.00053307
 -0.00161034 -0.00051828    0.09812698  0.00000000    0.00408389  0.00116106
 -0.00060212 -0.00053307    0.00408389 -0.00116106    0.03315295  0.00000000
    1    2
 -0.02722274  0.07948372    0.00025773  0.00255072    0.00753128  0.00374340
  0.00025773  0.00255072    0.00323453 -0.06362274   -0.01401482  0.00181193
  0.00753128  0.00374340   -0.01401482  0.00181193    0.00666474  0.00317300
    2    1
 -0.02722274 -0.07948372    0.00025773 -0.00255072    0.00753128 -0.00374340
  0.00025773 -0.00255072    0.00323453  0.06362274   -0.01401482 -0.00181193
  0.00753128 -0.00374340   -0.01401482 -0.00181193    0.00666474 -0.00317300
    2    2
  0.09607331  0.00000000   -0.00161034 -0.00051828   -0.00060212 -0.00053307
 -0.00161034  0.00051828    0.09812698  0.00000000    0.00408389 -0.00116106
 -0.00060212  0.00053307    0.00408389  0.00116106    0.03315295 -0.00000000

     Dynamical  Matrix in cartesian axes

     q = (    0.250000000  -0.125000000  -2.086945798 ) 

    1    1
  0.09812698  0.00000000   -0.00161034  0.00051828   -0.00408389  0.00116106
 -0.00161034 -0.00051828    0.09607331  0.00000000    0.00060212  0.00053307
 -0.00408389 -0.00116106    0.00060212 -0.00053307    0.03315295 -0.00000000
    1    2
 -0.06362274  0.00323453    0.00255072  0.00025773   -0.00181193  0.01401482
  0.00255072  0.00025773    0.07948372 -0.02722274   -0.00374340 -0.00753128
 -0.00181193  0.01401482   -0.00374340 -0.00753128    0.00317300  0.00666474
    2    1
 -0.06362274 -0.00323453    0.00255072 -0.00025773   -0.00181193 -0.01401482
  0.00255072 -0.00025773    0.07948372  0.02722274   -0.00374340  0.00753128
 -0.00181193 -0.01401482   -0.00374340  0.00753128    0.00317300 -0.00666474
    2    2
  0.09812698  0.00000000   -0.00161034 -0.00051828   -0.00408389 -0.00116106
 -0.00161034  0.00051828    0.09607331  0.00000000    0.00060212 -0.00053307
 -0.00408389  0.00116106    0.00060212  0.00053307    0.03315295  0.00000000

     Dynamical  Matrix in cartesian axes

     q = (    0.250000000   0.125000000   2.086945798 ) 

    1    1
  0.09812698  0.00000000    0.00161034  0.00051828    0.00408389  0.00116106
  0.00161034 -0.00051828    0.09607331  0.00000000    0.00060212 -0.00053307
  0.00408389 -0.00116106    0.00060212  0.00053307    0.03315295  0.00000000
    1    2
  0.00323453 -0.06362274   -0.00025773 -0.00255072   -0.01401482  0.00181193
 -0.00025773 -0.00255072   -0.02722274  0.07948372   -0.00753128 -0.00374340
 -0.01401482  0.00181193   -0.00753128 -0.00374340    0.00666474  0.00317300
    2    1
  0.00323453  0.06362274   -0.00025773  0.00255072   -0.01401482 -0.00181193
 -0.00025773  0.00255072   -0.02722274 -0.07948372   -0.00753128  0.00374340
 -0.01401482 -0.00181193   -0.00753128  0.00374340    0.00666474 -0.00317300
    2    2
  0.09812698  0.00000000    0.00161034 -0.00051828    0.00408389 -0.00116106
  0.00161034  0.00051828    0.09607331  0.00000000    0.00060212  0.00053307
  0.00408389  0.00116106    0.00060212 -0.00053307    0.03315295 -0.00000000

     Dynamical  Matrix in cartesian axes

     q = (   -0.125000000   0.250000000  -2.086945798 ) 

    1    1
  0.09607331  0.00000000   -0.00161034  0.00051828    0.00060212 -0.00053307
 -0.00161034 -0.00051828    0.09812698  0.00000000   -0.00408389 -0.00116106
  0.00060212  0.00053307   -0.00408389  0.00116106    0.03315295  0.00000000
    1    2
 -0.03695410 -0.07545286   -0.00198587 -0.00162139    0.00797240 -0.00267843
 -0.00198587 -0.00162139    0.04270091  0.04727523   -0.00862875  0.01119120
  0.00797240 -0.00267843   -0.00862875  0.01119120   -0.00695633  0.00246904
    2    1
 -0.03695410  0.07545286   -0.00198587  0.00162139    0.00797240  0.00267843
 -0.00198587  0.00162139    0.04270091 -0.04727523   -0.00862875 -0.01119120
  0.00797240  0.00267843   -0.00862875 -0.01119120   -0.00695633 -0.00246904
    2    2
  0.09607331  0.00000000   -0.00161034 -0.00051828    0.00060212  0.00053307
 -0.00161034  0.00051828    0.09812698  0.00000000   -0.00408389  0.00116106
  0.00060212 -0.00053307   -0.00408389 -0.00116106    0.03315295 -0.00000000

     Dynamical  Matrix in cartesian axes

     q = (   -0.250000000   0.125000000  -2.086945798 ) 

    1    1
  0.09812698  0.00000000   -0.00161034  0.00051828    0.00408389 -0.00116106
 -0.00161034 -0.00051828    0.09607331  0.00000000   -0.00060212 -0.00053307
  0.00408389  0.00116106   -0.00060212  0.00053307    0.03315295 -0.00000000
    1    2
 -0.06362274  0.00323453    0.00255072  0.00025773    0.00181193 -0.01401482
  0.00255072  0.00025773    0.07948372 -0.02722274    0.00374340  0.00753128
  0.00181193 -0.01401482    0.00374340  0.00753128    0.00317300  0.00666474
    2    1
 -0.06362274 -0.00323453    0.00255072 -0.00025773    0.00181193  0.01401482
  0.00255072 -0.00025773    0.07948372  0.02722274    0.00374340 -0.00753128
  0.00181193  0.01401482    0.00374340 -0.00753128    0.00317300 -0.00666474
    2    2
  0.09812698  0.00000000   -0.00161034 -0.00051828    0.00408389  0.00116106
 -0.00161034  0.00051828    0.09607331  0.00000000   -0.00060212  0.00053307
  0.00408389 -0.00116106   -0.00060212 -0.00053307    0.03315295  0.00000000

     Dynamical  Matrix in cartesian axes

     q = (    0.125000000   0.250000000   2.086945798 ) 

    1    1
  0.09607331  0.00000000    0.00161034  0.00051828    0.00060212  0.00053307
  0.00161034 -0.00051828    0.09812698  0.00000000    0.00408389 -0.00116106
  0.00060212 -0.00053307    0.00408389  0.00116106    0.03315295 -0.00000000
    1    2
  0.03695410 -0.07545286   -0.00198587  0.00162139   -0.00797240 -0.00267843
 -0.00198587  0.00162139   -0.04270091  0.04727523   -0.00862875 -0.01119120
 -0.00797240 -0.00267843   -0.00862875 -0.01119120    0.00695633  0.00246904
    2    1
  0.03695410  0.07545286   -0.00198587 -0.00162139   -0.00797240  0.00267843
 -0.00198587 -0.00162139   -0.04270091 -0.04727523   -0.00862875  0.01119120
 -0.00797240  0.00267843   -0.00862875  0.01119120    0.00695633 -0.00246904
    2    2
  0.09607331  0.00000000    0.00161034 -0.00051828    0.00060212 -0.00053307
  0.00161034  0.00051828    0.09812698  0.00000000    0.00408389  0.00116106
  0.00060212  0.00053307    0.00408389 -0.00116106    0.03315295  0.00000000

     Dynamical  Matrix in cartesian axes

     q = (   -0.125000000  -0.250000000   2.086945798 ) 

    1    1
  0.09607331  0.00000000    0.00161034  0.00051828   -0.00060212 -0.00053307
  0.00161034 -0.00051828    0.09812698  0.00000000   -0.00408389  0.00116106
 -0.00060212  0.00053307   -0.00408389 -0.00116106    0.03315295 -0.00000000
    1    2
  0.02722274  0.07948372    0.00025773 -0.00255072   -0.00753128  0.00374340
  0.00025773 -0.00255072   -0.00323453 -0.06362274   -0.01401482 -0.00181193
 -0.00753128  0.00374340   -0.01401482 -0.00181193   -0.00666474  0.00317300
    2    1
  0.02722274 -0.07948372    0.00025773  0.00255072   -0.00753128 -0.00374340
  0.00025773  0.00255072   -0.00323453  0.06362274   -0.01401482  0.00181193
 -0.00753128 -0.00374340   -0.01401482  0.00181193   -0.00666474 -0.00317300
    2    2
  0.09607331  0.00000000    0.00161034 -0.00051828   -0.00060212  0.00053307
  0.00161034  0.00051828    0.09812698  0.00000000   -0.00408389 -0.00116106
 -0.00060212 -0.00053307   -0.00408389  0.00116106    0.03315295  0.00000000

     Dynamical  Matrix in cartesian axes

     q = (   -0.250000000  -0.125000000   2.086945798 ) 

    1    1
  0.09812698  0.00000000    0.00161034  0.00051828   -0.00408389 -0.00116106
  0.00161034 -0.00051828    0.09607331  0.00000000   -0.00060212  0.00053307
 -0.00408389  0.00116106   -0.00060212 -0.00053307    0.03315295  0.00000000
    1    2
 -0.00323453  0.06362274    0.00025773  0.00255072   -0.01401482  0.00181193
  0.00025773  0.00255072    0.02722274 -0.07948372   -0.00753128 -0.00374340
 -0.01401482  0.00181193   -0.00753128 -0.00374340   -0.00666474 -0.00317300
    2    1
 -0.00323453 -0.06362274    0.00025773 -0.00255072   -0.01401482 -0.00181193
  0.00025773 -0.00255072    0.02722274  0.07948372   -0.00753128  0.00374340
 -0.01401482 -0.00181193   -0.00753128  0.00374340   -0.00666474  0.00317300
    2    2
  0.09812698  0.00000000    0.00161034 -0.00051828   -0.00408389  0.00116106
  0.00161034  0.00051828    0.09607331  0.00000000   -0.00060212 -0.00053307
 -0.00408389 -0.00116106   -0.00060212  0.00053307    0.03315295 -0.00000000

     Diagonalizing the dynamical matrix

     q = (    0.125000000   0.250000000  -2.086945798 ) 

 **************************************************************************
     freq (    1) =       0.865469 [THz] =      28.868923 [cm-1]
 (  0.335718  0.466313  0.146170 -0.116489  0.367112  0.011771 ) 
 (  0.350490 -0.455315  0.142361  0.121114  0.367301  0.000000 ) 
     freq (    2) =       1.336206 [THz] =      44.571024 [cm-1]
 (  0.047027  0.384668 -0.376549  0.090992 -0.284461 -0.344720 ) 
 (  0.326626 -0.208558 -0.169481 -0.348346 -0.446934  0.000000 ) 
     freq (    3) =       1.991224 [THz] =      66.420078 [cm-1]
 ( -0.119339  0.056517  0.104698  0.053215 -0.494429 -0.473615 ) 
 (  0.047085  0.123365 -0.112418 -0.033995  0.684668  0.000000 ) 
     freq (    4) =       2.129310 [THz] =      71.026135 [cm-1]
 ( -0.019378  0.056306  0.542204 -0.121785 -0.176452 -0.395604 ) 
 (  0.043529 -0.040634  0.109642  0.544789 -0.433172  0.000000 ) 
     freq (    5) =       4.046291 [THz] =     134.969725 [cm-1]
 ( -0.011046 -0.057696 -0.698341 -0.040988  0.006802 -0.084513 ) 
 (  0.056624  0.015639 -0.015171  0.699379  0.084786  0.000000 ) 
     freq (    6) =       4.251900 [THz] =     141.828132 [cm-1]
 ( -0.671648 -0.210049  0.009883 -0.054110 -0.011184  0.040224 ) 
 ( -0.022458 -0.703368 -0.054780 -0.004972  0.041750 -0.000000 ) 
 **************************************************************************
