Dynamical matrix file
                                                                           
  1    2  0 11.0780329  0.0000000  0.0000000  0.0000000  0.0000000  0.0000000
Basis vectors
      1.000000000    0.000000000    0.000000000
      0.000000000    1.000000000    0.000000000
      0.500000000    0.500000000    0.269532635
           1  'Sn  '    108197.54598352207     
    1    1      1.0000000000      1.2500000000      0.2021494763
    2    1      0.5000000000      0.2500000000      0.0673831588

     Dynamical  Matrix in cartesian axes

     q = (    0.250000000   0.375000000  -0.695648599 ) 

    1    1
  0.07920795  0.00000000    0.00073447 -0.00173876   -0.00077902 -0.00052666
  0.00073447  0.00173876    0.07447437  0.00000000   -0.00863182  0.00559470
 -0.00077902  0.00052666   -0.00863182 -0.00559470    0.10419323  0.00000000
    1    2
  0.02914152  0.00150417   -0.00000542  0.00324078    0.00535669 -0.02233255
 -0.00000542  0.00324078    0.00031794 -0.00998754    0.02514982  0.00403811
  0.00535669 -0.02233255    0.02514982  0.00403811   -0.00729541 -0.01385708
    2    1
  0.02914152 -0.00150417   -0.00000542 -0.00324078    0.00535669  0.02233255
 -0.00000542 -0.00324078    0.00031794  0.00998754    0.02514982 -0.00403811
  0.00535669  0.02233255    0.02514982 -0.00403811   -0.00729541  0.01385708
    2    2
  0.07920795  0.00000000    0.00073447  0.00173876   -0.00077902  0.00052666
  0.00073447 -0.00173876    0.07447437  0.00000000   -0.00863182 -0.00559470
 -0.00077902 -0.00052666   -0.00863182  0.00559470    0.10419323 -0.00000000

     Dynamical  Matrix in cartesian axes

     q = (    0.375000000   0.250000000  -0.695648599 ) 

    1    1
  0.07447437  0.00000000    0.00073447 -0.00173876   -0.00863182 -0.00559470
  0.00073447  0.00173876    0.07920795  0.00000000   -0.00077902  0.00052666
 -0.00863182  0.00559470   -0.00077902 -0.00052666    0.10419323 -0.00000000
    1    2
  0.00998754 -0.00031794   -0.00324078  0.00000542   -0.00403811 -0.02514982
 -0.00324078  0.00000542   -0.00150417 -0.02914152    0.02233255 -0.00535669
 -0.00403811 -0.02514982    0.02233255 -0.00535669    0.01385708  0.00729541
    2    1
  0.00998754  0.00031794   -0.00324078 -0.00000542   -0.00403811  0.02514982
 -0.00324078 -0.00000542   -0.00150417  0.02914152    0.02233255  0.00535669
 -0.00403811  0.02514982    0.02233255  0.00535669    0.01385708 -0.00729541
    2    2
  0.07447437  0.00000000    0.00073447  0.00173876   -0.00863182  0.00559470
  0.00073447 -0.00173876    0.07920795  0.00000000   -0.00077902 -0.00052666
 -0.00863182 -0.00559470   -0.00077902  0.00052666    0.10419323  0.00000000

     Dynamical  Matrix in cartesian axes

     q = (   -0.250000000  -0.375000000  -0.695648599 ) 

    1    1
  0.07920795  0.00000000    0.00073447 -0.00173876    0.00077902  0.00052666
  0.00073447  0.00173876    0.07447437  0.00000000    0.00863182 -0.00559470
  0.00077902 -0.00052666    0.00863182  0.00559470    0.10419323  0.00000000
    1    2
  0.02914152  0.00150417   -0.00000542  0.00324078   -0.00535669  0.02233255
 -0.00000542  0.00324078    0.00031794 -0.00998754   -0.02514982 -0.00403811
 -0.00535669  0.02233255   -0.02514982 -0.00403811   -0.00729541 -0.01385708
    2    1
  0.02914152 -0.00150417   -0.00000542 -0.00324078   -0.00535669 -0.02233255
 -0.00000542 -0.00324078    0.00031794  0.00998754   -0.02514982  0.00403811
 -0.00535669 -0.02233255   -0.02514982  0.00403811   -0.00729541  0.01385708
    2    2
  0.07920795  0.00000000    0.00073447  0.00173876    0.00077902 -0.00052666
  0.00073447 -0.00173876    0.07447437  0.00000000    0.00863182  0.00559470
  0.00077902  0.00052666    0.00863182 -0.00559470    0.10419323 -0.00000000

     Dynamical  Matrix in cartesian axes

     q = (   -0.375000000  -0.250000000  -0.695648599 ) 

    1    1
  0.07447437  0.00000000    0.00073447 -0.00173876    0.00863182  0.00559470
  0.00073447  0.00173876    0.07920795  0.00000000    0.00077902 -0.00052666
  0.00863182 -0.00559470    0.00077902  0.00052666    0.10419323 -0.00000000
    1    2
  0.00728708  0.00683744   -0.00229541 -0.00228775   -0.01492824  0.02063898
 -0.00229541 -0.00228775    0.01954256 -0.02166978   -0.01957925 -0.01200374
 -0.01492824  0.02063898   -0.01957925 -0.01200374    0.00463980  0.01495707
    2    1
  0.00728708 -0.00683744   -0.00229541  0.00228775   -0.01492824 -0.02063898
 -0.00229541  0.00228775    0.01954256  0.02166978   -0.01957925  0.01200374
 -0.01492824 -0.02063898   -0.01957925  0.01200374    0.00463980 -0.01495707
    2    2
  0.07447437  0.00000000    0.00073447  0.00173876    0.00863182 -0.00559470
  0.00073447 -0.00173876    0.07920795  0.00000000    0.00077902  0.00052666
  0.00863182  0.00559470    0.00077902 -0.00052666    0.10419323  0.00000000

     Dynamical  Matrix in cartesian axes

     q = (   -0.250000000   0.375000000   0.695648599 ) 

    1    1
  0.07920795  0.00000000   -0.00073447 -0.00173876   -0.00077902  0.00052666
 -0.00073447  0.00173876    0.07447437  0.00000000    0.00863182  0.00559470
 -0.00077902 -0.00052666    0.00863182 -0.00559470    0.10419323 -0.00000000
    1    2
 -0.00150417 -0.02914152    0.00324078 -0.00000542    0.02233255 -0.00535669
  0.00324078 -0.00000542    0.00998754 -0.00031794    0.00403811  0.02514982
  0.02233255 -0.00535669    0.00403811  0.02514982    0.01385708  0.00729541
    2    1
 -0.00150417  0.02914152    0.00324078  0.00000542    0.02233255  0.00535669
  0.00324078  0.00000542    0.00998754  0.00031794    0.00403811 -0.02514982
  0.02233255  0.00535669    0.00403811 -0.02514982    0.01385708 -0.00729541
    2    2
  0.07920795  0.00000000   -0.00073447  0.00173876   -0.00077902 -0.00052666
 -0.00073447 -0.00173876    0.07447437  0.00000000    0.00863182 -0.00559470
 -0.00077902  0.00052666    0.00863182  0.00559470    0.10419323  0.00000000

     Dynamical  Matrix in cartesian axes

     q = (    0.250000000  -0.375000000   0.695648599 ) 

    1    1
  0.07920795  0.00000000   -0.00073447 -0.00173876    0.00077902 -0.00052666
 -0.00073447  0.00173876    0.07447437  0.00000000   -0.00863182 -0.00559470
  0.00077902  0.00052666   -0.00863182  0.00559470    0.10419323 -0.00000000
    1    2
  0.00150417  0.02914152   -0.00324078  0.00000542    0.02233255 -0.00535669
 -0.00324078  0.00000542   -0.00998754  0.00031794    0.00403811  0.02514982
  0.02233255 -0.00535669    0.00403811  0.02514982   -0.01385708 -0.00729541
    2    1
  0.00150417 -0.02914152   -0.00324078 -0.00000542    0.02233255  0.00535669
 -0.00324078 -0.00000542   -0.00998754 -0.00031794    0.00403811 -0.02514982
  0.02233255  0.00535669    0.00403811 -0.02514982   -0.01385708  0.00729541
    2    2
  0.07920795  0.00000000   -0.00073447  0.00173876    0.00077902  0.00052666
 -0.00073447 -0.00173876    0.07447437  0.00000000   -0.00863182  0.00559470
  0.00077902 -0.00052666   -0.00863182 -0.00559470    0.10419323  0.00000000

     Dynamical  Matrix in cartesian axes

     q = (   -0.375000000   0.250000000   0.695648599 ) 

    1    1
  0.07447437  0.00000000   -0.00073447 -0.00173876   -0.00863182  0.00559470
 -0.00073447  0.00173876    0.07920795  0.00000000    0.00077902  0.00052666
 -0.00863182 -0.00559470    0.00077902 -0.00052666    0.10419323  0.00000000
    1    2
 -0.00998754 -0.00031794   -0.00324078 -0.00000542    0.00403811 -0.02514982
 -0.00324078 -0.00000542    0.00150417 -0.02914152    0.02233255  0.00535669
  0.00403811 -0.02514982    0.02233255  0.00535669   -0.01385708  0.00729541
    2    1
 -0.00998754  0.00031794   -0.00324078  0.00000542    0.00403811  0.02514982
 -0.00324078  0.00000542    0.00150417  0.02914152    0.02233255 -0.00535669
  0.00403811  0.02514982    0.02233255 -0.00535669   -0.01385708 -0.00729541
    2    2
  0.07447437  0.00000000   -0.00073447  0.00173876   -0.00863182 -0.00559470
 -0.00073447 -0.00173876    0.07920795  0.00000000    0.00077902 -0.00052666
 -0.00863182  0.00559470    0.00077902  0.00052666    0.10419323 -0.00000000

     Dynamical  Matrix in cartesian axes

     q = (    0.375000000  -0.250000000   0.695648599 ) 

    1    1
  0.07447437  0.00000000   -0.00073447 -0.00173876    0.00863182 -0.00559470
 -0.00073447  0.00173876    0.07920795  0.00000000   -0.00077902 -0.00052666
  0.00863182  0.00559470   -0.00077902  0.00052666    0.10419323  0.00000000
    1    2
 -0.00728708  0.00683744   -0.00229541  0.00228775    0.01492824  0.02063898
 -0.00229541  0.00228775   -0.01954256 -0.02166978   -0.01957925  0.01200374
  0.01492824  0.02063898   -0.01957925  0.01200374   -0.00463980  0.01495707
    2    1
 -0.00728708 -0.00683744   -0.00229541 -0.00228775    0.01492824 -0.02063898
 -0.00229541 -0.00228775   -0.01954256  0.02166978   -0.01957925 -0.01200374
  0.01492824 -0.02063898   -0.01957925 -0.01200374   -0.00463980 -0.01495707
    2    2
  0.07447437  0.00000000   -0.00073447  0.00173876    0.00863182  0.00559470
 -0.00073447 -0.00173876    0.07920795  0.00000000   -0.00077902  0.00052666
  0.00863182 -0.00559470   -0.00077902 -0.00052666    0.10419323 -0.00000000

     Dynamical  Matrix in cartesian axes

     q = (    0.250000000  -0.375000000  -0.695648599 ) 

    1    1
  0.07920795  0.00000000   -0.00073447  0.00173876   -0.00077902 -0.00052666
 -0.00073447 -0.00173876    0.07447437  0.00000000    0.00863182 -0.00559470
 -0.00077902  0.00052666    0.00863182  0.00559470    0.10419323  0.00000000
    1    2
 -0.00150417  0.02914152    0.00324078  0.00000542    0.02233255  0.00535669
  0.00324078  0.00000542    0.00998754  0.00031794    0.00403811 -0.02514982
  0.02233255  0.00535669    0.00403811 -0.02514982    0.01385708 -0.00729541
    2    1
 -0.00150417 -0.02914152    0.00324078 -0.00000542    0.02233255 -0.00535669
  0.00324078 -0.00000542    0.00998754 -0.00031794    0.00403811  0.02514982
  0.02233255 -0.00535669    0.00403811  0.02514982    0.01385708  0.00729541
    2    2
  0.07920795  0.00000000   -0.00073447 -0.00173876   -0.00077902  0.00052666
 -0.00073447  0.00173876    0.07447437  0.00000000    0.00863182  0.00559470
 -0.00077902 -0.00052666    0.00863182 -0.00559470    0.10419323 -0.00000000

     Dynamical  Matrix in cartesian axes

     q = (    0.375000000  -0.250000000  -0.695648599 ) 

    1    1
  0.07447437  0.00000000   -0.00073447  0.00173876   -0.00863182 -0.00559470
 -0.00073447 -0.00173876    0.07920795  0.00000000    0.00077902 -0.00052666
 -0.00863182  0.00559470    0.00077902  0.00052666    0.10419323 -0.00000000
    1    2
 -0.00998754  0.00031794   -0.00324078  0.00000542    0.00403811  0.02514982
 -0.00324078  0.00000542    0.00150417  0.02914152    0.02233255 -0.00535669
  0.00403811  0.02514982    0.02233255 -0.00535669   -0.01385708 -0.00729541
    2    1
 -0.00998754 -0.00031794   -0.00324078 -0.00000542    0.00403811 -0.02514982
 -0.00324078 -0.00000542    0.00150417 -0.02914152    0.02233255  0.00535669
  0.00403811 -0.02514982    0.02233255  0.00535669   -0.01385708  0.00729541
    2    2
  0.07447437  0.00000000   -0.00073447 -0.00173876   -0.00863182  0.00559470
 -0.00073447  0.00173876    0.07920795  0.00000000    0.00077902  0.00052666
 -0.00863182 -0.00559470    0.00077902 -0.00052666    0.10419323  0.00000000

     Dynamical  Matrix in cartesian axes

     q = (    0.375000000   0.250000000   0.695648599 ) 

    1    1
  0.07447437  0.00000000    0.00073447  0.00173876    0.00863182 -0.00559470
  0.00073447 -0.00173876    0.07920795  0.00000000    0.00077902  0.00052666
  0.00863182  0.00559470    0.00077902 -0.00052666    0.10419323  0.00000000
    1    2
  0.00728708 -0.00683744   -0.00229541  0.00228775   -0.01492824 -0.02063898
 -0.00229541  0.00228775    0.01954256  0.02166978   -0.01957925  0.01200374
 -0.01492824 -0.02063898   -0.01957925  0.01200374    0.00463980 -0.01495707
    2    1
  0.00728708  0.00683744   -0.00229541 -0.00228775   -0.01492824  0.02063898
 -0.00229541 -0.00228775    0.01954256 -0.02166978   -0.01957925 -0.01200374
 -0.01492824  0.02063898   -0.01957925 -0.01200374    0.00463980  0.01495707
    2    2
  0.07447437  0.00000000    0.00073447 -0.00173876    0.00863182  0.00559470
  0.00073447  0.00173876    0.07920795  0.00000000    0.00077902 -0.00052666
  0.00863182 -0.00559470    0.00077902  0.00052666    0.10419323 -0.00000000

     Dynamical  Matrix in cartesian axes

     q = (   -0.250000000   0.375000000  -0.695648599 ) 

    1    1
  0.07920795  0.00000000   -0.00073447  0.00173876    0.00077902  0.00052666
 -0.00073447 -0.00173876    0.07447437  0.00000000   -0.00863182  0.00559470
  0.00077902 -0.00052666   -0.00863182 -0.00559470    0.10419323  0.00000000
    1    2
  0.00150417 -0.02914152   -0.00324078 -0.00000542    0.02233255  0.00535669
 -0.00324078 -0.00000542   -0.00998754 -0.00031794    0.00403811 -0.02514982
  0.02233255  0.00535669    0.00403811 -0.02514982   -0.01385708  0.00729541
    2    1
  0.00150417  0.02914152   -0.00324078  0.00000542    0.02233255 -0.00535669
 -0.00324078  0.00000542   -0.00998754  0.00031794    0.00403811  0.02514982
  0.02233255 -0.00535669    0.00403811  0.02514982   -0.01385708 -0.00729541
    2    2
  0.07920795  0.00000000   -0.00073447 -0.00173876    0.00077902 -0.00052666
 -0.00073447  0.00173876    0.07447437  0.00000000   -0.00863182 -0.00559470
  0.00077902  0.00052666   -0.00863182  0.00559470    0.10419323 -0.00000000

     Dynamical  Matrix in cartesian axes

     q = (   -0.375000000   0.250000000  -0.695648599 ) 

    1    1
  0.07447437  0.00000000   -0.00073447  0.00173876    0.00863182  0.00559470
 -0.00073447 -0.00173876    0.07920795  0.00000000   -0.00077902  0.00052666
  0.00863182 -0.00559470   -0.00077902 -0.00052666    0.10419323 -0.00000000
    1    2
 -0.00728708 -0.00683744   -0.00229541 -0.00228775    0.01492824 -0.02063898
 -0.00229541 -0.00228775   -0.01954256  0.02166978   -0.01957925 -0.01200374
  0.01492824 -0.02063898   -0.01957925 -0.01200374   -0.00463980 -0.01495707
    2    1
 -0.00728708  0.00683744   -0.00229541  0.00228775    0.01492824  0.02063898
 -0.00229541  0.00228775   -0.01954256 -0.02166978   -0.01957925  0.01200374
  0.01492824  0.02063898   -0.01957925  0.01200374   -0.00463980  0.01495707
    2    2
  0.07447437  0.00000000   -0.00073447 -0.00173876    0.00863182 -0.00559470
 -0.00073447  0.00173876    0.07920795  0.00000000   -0.00077902 -0.00052666
  0.00863182  0.00559470   -0.00077902  0.00052666    0.10419323  0.00000000

     Dynamical  Matrix in cartesian axes

     q = (    0.250000000   0.375000000   0.695648599 ) 

    1    1
  0.07920795  0.00000000    0.00073447  0.00173876    0.00077902 -0.00052666
  0.00073447 -0.00173876    0.07447437  0.00000000    0.00863182  0.00559470
  0.00077902  0.00052666    0.00863182 -0.00559470    0.10419323 -0.00000000
    1    2
  0.02914152 -0.00150417   -0.00000542 -0.00324078   -0.00535669 -0.02233255
 -0.00000542 -0.00324078    0.00031794  0.00998754   -0.02514982  0.00403811
 -0.00535669 -0.02233255   -0.02514982  0.00403811   -0.00729541  0.01385708
    2    1
  0.02914152  0.00150417   -0.00000542  0.00324078   -0.00535669  0.02233255
 -0.00000542  0.00324078    0.00031794 -0.00998754   -0.02514982 -0.00403811
 -0.00535669  0.02233255   -0.02514982 -0.00403811   -0.00729541 -0.01385708
    2    2
  0.07920795  0.00000000    0.00073447 -0.00173876    0.00077902  0.00052666
  0.00073447  0.00173876    0.07447437  0.00000000    0.00863182 -0.00559470
  0.00077902 -0.00052666    0.00863182  0.00559470    0.10419323  0.00000000

     Dynamical  Matrix in cartesian axes

     q = (   -0.250000000  -0.375000000   0.695648599 ) 

    1    1
  0.07920795  0.00000000    0.00073447  0.00173876   -0.00077902  0.00052666
  0.00073447 -0.00173876    0.07447437  0.00000000   -0.00863182 -0.00559470
 -0.00077902 -0.00052666   -0.00863182  0.00559470    0.10419323 -0.00000000
    1    2
  0.02914152 -0.00150417   -0.00000542 -0.00324078    0.00535669  0.02233255
 -0.00000542 -0.00324078    0.00031794  0.00998754    0.02514982 -0.00403811
  0.00535669  0.02233255    0.02514982 -0.00403811   -0.00729541  0.01385708
    2    1
  0.02914152  0.00150417   -0.00000542  0.00324078    0.00535669 -0.02233255
 -0.00000542  0.00324078    0.00031794 -0.00998754    0.02514982  0.00403811
  0.00535669 -0.02233255    0.02514982  0.00403811   -0.00729541 -0.01385708
    2    2
  0.07920795  0.00000000    0.00073447 -0.00173876   -0.00077902 -0.00052666
  0.00073447  0.00173876    0.07447437  0.00000000   -0.00863182  0.00559470
 -0.00077902  0.00052666   -0.00863182 -0.00559470    0.10419323  0.00000000

     Dynamical  Matrix in cartesian axes

     q = (   -0.375000000  -0.250000000   0.695648599 ) 

    1    1
  0.07447437  0.00000000    0.00073447  0.00173876   -0.00863182  0.00559470
  0.00073447 -0.00173876    0.07920795  0.00000000   -0.00077902 -0.00052666
 -0.00863182 -0.00559470   -0.00077902  0.00052666    0.10419323  0.00000000
    1    2
  0.00998754  0.00031794   -0.00324078 -0.00000542   -0.00403811  0.02514982
 -0.00324078 -0.00000542   -0.00150417  0.02914152    0.02233255  0.00535669
 -0.00403811  0.02514982    0.02233255  0.00535669    0.01385708 -0.00729541
    2    1
  0.00998754 -0.00031794   -0.00324078  0.00000542   -0.00403811 -0.02514982
 -0.00324078  0.00000542   -0.00150417 -0.02914152    0.02233255 -0.00535669
 -0.00403811 -0.02514982    0.02233255 -0.00535669    0.01385708  0.00729541
    2    2
  0.07447437  0.00000000    0.00073447 -0.00173876   -0.00863182 -0.00559470
  0.00073447  0.00173876    0.07920795  0.00000000   -0.00077902  0.00052666
 -0.00863182  0.00559470   -0.00077902 -0.00052666    0.10419323 -0.00000000

     Diagonalizing the dynamical matrix

     q = (    0.250000000   0.375000000  -0.695648599 ) 

 **************************************************************************
     freq (    1) =       1.927854 [THz] =      64.306282 [cm-1]
 ( -0.131028  0.588074 -0.156906 -0.114635  0.287392  0.129016 ) 
 (  0.121308 -0.590156 -0.190092  0.040320  0.315023  0.000000 ) 
     freq (    2) =       2.217245 [THz] =      73.959343 [cm-1]
 (  0.142102 -0.054768  0.577060 -0.177281  0.323340  0.088500 ) 
 ( -0.122602 -0.090339 -0.509787 -0.323332 -0.335233  0.000000 ) 
     freq (    3) =       2.716340 [THz] =      90.607364 [cm-1]
 ( -0.273414  0.066894  0.481423  0.322484  0.066653 -0.283836 ) 
 (  0.127628 -0.250881  0.203885  0.542398 -0.291557  0.000000 ) 
     freq (    4) =       3.116301 [THz] =     103.948606 [cm-1]
 (  0.146247  0.555115  0.312787  0.104773 -0.229705  0.094242 ) 
 (  0.075402  0.569083 -0.249610  0.215657  0.248286  0.000000 ) 
     freq (    5) =       3.300128 [THz] =     110.080434 [cm-1]
 ( -0.166350 -0.262992  0.275960 -0.007593  0.534459  0.203235 ) 
 ( -0.248964  0.186693  0.255242  0.105183  0.571796  0.000000 ) 
     freq (    6) =       3.870063 [THz] =     129.091403 [cm-1]
 (  0.121211 -0.305789  0.263412  0.087395 -0.376574 -0.415895 ) 
 (  0.145319 -0.295096 -0.241586 -0.136603  0.561050  0.000000 ) 
 **************************************************************************
