Dynamical matrix file
                                                                           
  1    2  0 11.0780329  0.0000000  0.0000000  0.0000000  0.0000000  0.0000000
Basis vectors
      1.000000000    0.000000000    0.000000000
      0.000000000    1.000000000    0.000000000
      0.500000000    0.500000000    0.269532635
           1  'Sn  '    108197.54598352207     
    1    1      1.0000000000      1.2500000000      0.2021494763
    2    1      0.5000000000      0.2500000000      0.0673831588

     Dynamical  Matrix in cartesian axes

     q = (    0.125000000   0.125000000  -0.463765733 ) 

    1    1
  0.08639808  0.00000000    0.00096111  0.00097378   -0.00329380 -0.00108210
  0.00096111 -0.00097378    0.08639808  0.00000000   -0.00329380  0.00108210
 -0.00329380  0.00108210   -0.00329380 -0.00108210    0.07302677  0.00000000
    1    2
 -0.02777010 -0.06420645   -0.00377190 -0.00377190   -0.00870259  0.00253455
 -0.00377190 -0.00377190   -0.06420645 -0.02777010    0.00253455 -0.00870259
 -0.00870259  0.00253455    0.00253455 -0.00870259   -0.00187627 -0.00187627
    2    1
 -0.02777010  0.06420645   -0.00377190  0.00377190   -0.00870259 -0.00253455
 -0.00377190  0.00377190   -0.06420645  0.02777010    0.00253455  0.00870259
 -0.00870259 -0.00253455    0.00253455  0.00870259   -0.00187627  0.00187627
    2    2
  0.08639808  0.00000000    0.00096111 -0.00097378   -0.00329380  0.00108210
  0.00096111  0.00097378    0.08639808  0.00000000   -0.00329380 -0.00108210
 -0.00329380 -0.00108210   -0.00329380  0.00108210    0.07302677  0.00000000

     Dynamical  Matrix in cartesian axes

     q = (   -0.125000000  -0.125000000  -0.463765733 ) 

    1    1
  0.08639808  0.00000000    0.00096111  0.00097378    0.00329380  0.00108210
  0.00096111 -0.00097378    0.08639808  0.00000000    0.00329380 -0.00108210
  0.00329380 -0.00108210    0.00329380  0.00108210    0.07302677  0.00000000
    1    2
 -0.02576439  0.06503724    0.00000000  0.00533428   -0.00794586 -0.00436146
  0.00000000  0.00533428    0.02576439  0.06503724    0.00794586 -0.00436146
 -0.00794586 -0.00436146    0.00794586 -0.00436146   -0.00000000  0.00265344
    2    1
 -0.02576439 -0.06503724    0.00000000 -0.00533428   -0.00794586  0.00436146
  0.00000000 -0.00533428    0.02576439 -0.06503724    0.00794586  0.00436146
 -0.00794586  0.00436146    0.00794586  0.00436146   -0.00000000 -0.00265344
    2    2
  0.08639808  0.00000000    0.00096111 -0.00097378    0.00329380 -0.00108210
  0.00096111  0.00097378    0.08639808  0.00000000    0.00329380  0.00108210
  0.00329380  0.00108210    0.00329380 -0.00108210    0.07302677  0.00000000

     Dynamical  Matrix in cartesian axes

     q = (   -0.125000000   0.125000000   0.463765733 ) 

    1    1
  0.08639808  0.00000000   -0.00096111  0.00097378   -0.00329380  0.00108210
 -0.00096111 -0.00097378    0.08639808  0.00000000    0.00329380  0.00108210
 -0.00329380 -0.00108210    0.00329380 -0.00108210    0.07302677  0.00000000
    1    2
 -0.06420645 -0.02777010    0.00377190  0.00377190    0.00253455 -0.00870259
  0.00377190  0.00377190   -0.02777010 -0.06420645    0.00870259 -0.00253455
  0.00253455 -0.00870259    0.00870259 -0.00253455   -0.00187627 -0.00187627
    2    1
 -0.06420645  0.02777010    0.00377190 -0.00377190    0.00253455  0.00870259
  0.00377190 -0.00377190   -0.02777010  0.06420645    0.00870259  0.00253455
  0.00253455  0.00870259    0.00870259  0.00253455   -0.00187627  0.00187627
    2    2
  0.08639808  0.00000000   -0.00096111 -0.00097378   -0.00329380 -0.00108210
 -0.00096111  0.00097378    0.08639808  0.00000000    0.00329380 -0.00108210
 -0.00329380  0.00108210    0.00329380  0.00108210    0.07302677  0.00000000

     Dynamical  Matrix in cartesian axes

     q = (    0.125000000  -0.125000000   0.463765733 ) 

    1    1
  0.08639808  0.00000000   -0.00096111  0.00097378    0.00329380 -0.00108210
 -0.00096111 -0.00097378    0.08639808  0.00000000   -0.00329380 -0.00108210
  0.00329380  0.00108210   -0.00329380  0.00108210    0.07302677  0.00000000
    1    2
 -0.06503724  0.02576439    0.00533428  0.00000000    0.00436146  0.00794586
  0.00533428  0.00000000   -0.06503724 -0.02576439   -0.00436146  0.00794586
  0.00436146  0.00794586   -0.00436146  0.00794586   -0.00265344  0.00000000
    2    1
 -0.06503724 -0.02576439    0.00533428 -0.00000000    0.00436146 -0.00794586
  0.00533428 -0.00000000   -0.06503724  0.02576439   -0.00436146 -0.00794586
  0.00436146 -0.00794586   -0.00436146 -0.00794586   -0.00265344  0.00000000
    2    2
  0.08639808  0.00000000   -0.00096111 -0.00097378    0.00329380  0.00108210
 -0.00096111  0.00097378    0.08639808  0.00000000   -0.00329380  0.00108210
  0.00329380 -0.00108210   -0.00329380 -0.00108210    0.07302677  0.00000000

     Dynamical  Matrix in cartesian axes

     q = (    0.125000000  -0.125000000  -0.463765733 ) 

    1    1
  0.08639808  0.00000000   -0.00096111 -0.00097378   -0.00329380 -0.00108210
 -0.00096111  0.00097378    0.08639808  0.00000000    0.00329380 -0.00108210
 -0.00329380  0.00108210    0.00329380  0.00108210    0.07302677  0.00000000
    1    2
 -0.06420645  0.02777010    0.00377190 -0.00377190    0.00253455  0.00870259
  0.00377190 -0.00377190   -0.02777010  0.06420645    0.00870259  0.00253455
  0.00253455  0.00870259    0.00870259  0.00253455   -0.00187627  0.00187627
    2    1
 -0.06420645 -0.02777010    0.00377190  0.00377190    0.00253455 -0.00870259
  0.00377190  0.00377190   -0.02777010 -0.06420645    0.00870259 -0.00253455
  0.00253455 -0.00870259    0.00870259 -0.00253455   -0.00187627 -0.00187627
    2    2
  0.08639808  0.00000000   -0.00096111  0.00097378   -0.00329380  0.00108210
 -0.00096111 -0.00097378    0.08639808  0.00000000    0.00329380  0.00108210
 -0.00329380 -0.00108210    0.00329380 -0.00108210    0.07302677  0.00000000

     Dynamical  Matrix in cartesian axes

     q = (    0.125000000   0.125000000   0.463765733 ) 

    1    1
  0.08639808  0.00000000    0.00096111 -0.00097378    0.00329380 -0.00108210
  0.00096111  0.00097378    0.08639808  0.00000000    0.00329380  0.00108210
  0.00329380  0.00108210    0.00329380 -0.00108210    0.07302677  0.00000000
    1    2
 -0.02576439 -0.06503724    0.00000000 -0.00533428   -0.00794586  0.00436146
  0.00000000 -0.00533428    0.02576439 -0.06503724    0.00794586  0.00436146
 -0.00794586  0.00436146    0.00794586  0.00436146    0.00000000 -0.00265344
    2    1
 -0.02576439  0.06503724    0.00000000  0.00533428   -0.00794586 -0.00436146
  0.00000000  0.00533428    0.02576439  0.06503724    0.00794586 -0.00436146
 -0.00794586 -0.00436146    0.00794586 -0.00436146    0.00000000  0.00265344
    2    2
  0.08639808  0.00000000    0.00096111  0.00097378    0.00329380  0.00108210
  0.00096111 -0.00097378    0.08639808  0.00000000    0.00329380 -0.00108210
  0.00329380 -0.00108210    0.00329380  0.00108210    0.07302677  0.00000000

     Dynamical  Matrix in cartesian axes

     q = (   -0.125000000   0.125000000  -0.463765733 ) 

    1    1
  0.08639808  0.00000000   -0.00096111 -0.00097378    0.00329380  0.00108210
 -0.00096111  0.00097378    0.08639808  0.00000000   -0.00329380  0.00108210
  0.00329380 -0.00108210   -0.00329380 -0.00108210    0.07302677  0.00000000
    1    2
 -0.06503724 -0.02576439    0.00533428  0.00000000    0.00436146 -0.00794586
  0.00533428  0.00000000   -0.06503724  0.02576439   -0.00436146 -0.00794586
  0.00436146 -0.00794586   -0.00436146 -0.00794586   -0.00265344 -0.00000000
    2    1
 -0.06503724  0.02576439    0.00533428 -0.00000000    0.00436146  0.00794586
  0.00533428 -0.00000000   -0.06503724 -0.02576439   -0.00436146  0.00794586
  0.00436146  0.00794586   -0.00436146  0.00794586   -0.00265344  0.00000000
    2    2
  0.08639808  0.00000000   -0.00096111  0.00097378    0.00329380 -0.00108210
 -0.00096111 -0.00097378    0.08639808  0.00000000   -0.00329380 -0.00108210
  0.00329380  0.00108210   -0.00329380  0.00108210    0.07302677  0.00000000

     Dynamical  Matrix in cartesian axes

     q = (   -0.125000000  -0.125000000   0.463765733 ) 

    1    1
  0.08639808  0.00000000    0.00096111 -0.00097378   -0.00329380  0.00108210
  0.00096111  0.00097378    0.08639808  0.00000000   -0.00329380 -0.00108210
 -0.00329380 -0.00108210   -0.00329380  0.00108210    0.07302677  0.00000000
    1    2
 -0.02777010  0.06420645   -0.00377190  0.00377190   -0.00870259 -0.00253455
 -0.00377190  0.00377190   -0.06420645  0.02777010    0.00253455  0.00870259
 -0.00870259 -0.00253455    0.00253455  0.00870259   -0.00187627  0.00187627
    2    1
 -0.02777010 -0.06420645   -0.00377190 -0.00377190   -0.00870259  0.00253455
 -0.00377190 -0.00377190   -0.06420645 -0.02777010    0.00253455 -0.00870259
 -0.00870259  0.00253455    0.00253455 -0.00870259   -0.00187627 -0.00187627
    2    2
  0.08639808  0.00000000    0.00096111  0.00097378   -0.00329380 -0.00108210
  0.00096111 -0.00097378    0.08639808  0.00000000   -0.00329380  0.00108210
 -0.00329380  0.00108210   -0.00329380 -0.00108210    0.07302677  0.00000000

     Diagonalizing the dynamical matrix

     q = (    0.125000000   0.125000000  -0.463765733 ) 

 **************************************************************************
     freq (    1) =       1.049674 [THz] =      35.013343 [cm-1]
 ( -0.284580 -0.404215 -0.404215 -0.284580 -0.074998 -0.074998 ) 
 ( -0.487051  0.084595 -0.487051 -0.084595 -0.106063  0.000000 ) 
     freq (    2) =       1.330195 [THz] =      44.370542 [cm-1]
 ( -0.404475  0.273402  0.273402 -0.404475  0.107943  0.107943 ) 
 (  0.092682  0.479331  0.092682 -0.479331 -0.152655  0.000000 ) 
     freq (    3) =       2.647407 [THz] =      88.307991 [cm-1]
 ( -0.015907  0.101971  0.101971 -0.015907 -0.489233 -0.489233 ) 
 (  0.060856 -0.083352  0.060856  0.083352 -0.691880  0.000000 ) 
     freq (    4) =       2.802287 [THz] =      93.474232 [cm-1]
 ( -0.092620  0.055716  0.055716 -0.092620 -0.488177 -0.488177 ) 
 (  0.026095  0.104890  0.026095 -0.104890  0.690387  0.000000 ) 
     freq (    5) =       3.891866 [THz] =     129.818662 [cm-1]
 ( -0.410806  0.276066  0.276066 -0.410806  0.070897  0.070897 ) 
 ( -0.095276 -0.485691 -0.095276  0.485691  0.100264  0.000000 ) 
     freq (    6) =       4.037348 [THz] =     134.671426 [cm-1]
 (  0.278966  0.414906  0.414906  0.278966 -0.005574 -0.005574 ) 
 ( -0.490641  0.096125 -0.490641 -0.096125  0.007883 -0.000000 ) 
 **************************************************************************
