Dynamical matrix file
                                                                           
  1    2  0 11.0780329  0.0000000  0.0000000  0.0000000  0.0000000  0.0000000
Basis vectors
      1.000000000    0.000000000    0.000000000
      0.000000000    1.000000000    0.000000000
      0.500000000    0.500000000    0.269532635
           1  'Sn  '    108197.54598352207     
    1    1      1.0000000000      1.2500000000      0.2021494763
    2    1      0.5000000000      0.2500000000      0.0673831588

     Dynamical  Matrix in cartesian axes

     q = (    0.250000000   0.250000000  -0.463765733 ) 

    1    1
  0.08378174  0.00000000    0.00047002 -0.00422400   -0.00368248 -0.00156393
  0.00047002  0.00422400    0.08378174  0.00000000   -0.00368248  0.00156393
 -0.00368248  0.00156393   -0.00368248 -0.00156393    0.07235258  0.00000000
    1    2
  0.03117701 -0.03530723    0.00044929 -0.00108468   -0.00721017 -0.01659369
  0.00044929 -0.00108468    0.00292051 -0.04701146    0.01683187 -0.00663515
 -0.00721017 -0.01659369    0.01683187 -0.00663515    0.00121680 -0.00293761
    2    1
  0.03117701  0.03530723    0.00044929  0.00108468   -0.00721017  0.01659369
  0.00044929  0.00108468    0.00292051  0.04701146    0.01683187  0.00663515
 -0.00721017  0.01659369    0.01683187  0.00663515    0.00121680  0.00293761
    2    2
  0.08378174  0.00000000    0.00047002  0.00422400   -0.00368248  0.00156393
  0.00047002 -0.00422400    0.08378174  0.00000000   -0.00368248 -0.00156393
 -0.00368248 -0.00156393   -0.00368248  0.00156393    0.07235258  0.00000000

     Dynamical  Matrix in cartesian axes

     q = (   -0.250000000  -0.250000000  -0.463765733 ) 

    1    1
  0.08378174  0.00000000    0.00047002 -0.00422400    0.00368248  0.00156393
  0.00047002  0.00422400    0.08378174  0.00000000    0.00368248 -0.00156393
  0.00368248 -0.00156393    0.00368248  0.00156393    0.07235258  0.00000000
    1    2
  0.03530723  0.03117701    0.00108468  0.00044929   -0.01659369  0.00721017
  0.00108468  0.00044929    0.04701146  0.00292051   -0.00663515 -0.01683187
 -0.01659369  0.00721017   -0.00663515 -0.01683187    0.00293761  0.00121680
    2    1
  0.03530723 -0.03117701    0.00108468 -0.00044929   -0.01659369 -0.00721017
  0.00108468 -0.00044929    0.04701146 -0.00292051   -0.00663515  0.01683187
 -0.01659369 -0.00721017   -0.00663515  0.01683187    0.00293761 -0.00121680
    2    2
  0.08378174  0.00000000    0.00047002  0.00422400    0.00368248 -0.00156393
  0.00047002 -0.00422400    0.08378174  0.00000000    0.00368248  0.00156393
  0.00368248  0.00156393    0.00368248 -0.00156393    0.07235258  0.00000000

     Dynamical  Matrix in cartesian axes

     q = (   -0.250000000   0.250000000   0.463765733 ) 

    1    1
  0.08378174  0.00000000   -0.00047002 -0.00422400   -0.00368248  0.00156393
 -0.00047002  0.00422400    0.08378174  0.00000000    0.00368248  0.00156393
 -0.00368248 -0.00156393    0.00368248 -0.00156393    0.07235258  0.00000000
    1    2
 -0.03117701 -0.03530723    0.00044929  0.00108468    0.00721017 -0.01659369
  0.00044929  0.00108468   -0.00292051 -0.04701146    0.01683187  0.00663515
  0.00721017 -0.01659369    0.01683187  0.00663515   -0.00121680 -0.00293761
    2    1
 -0.03117701  0.03530723    0.00044929 -0.00108468    0.00721017  0.01659369
  0.00044929 -0.00108468   -0.00292051  0.04701146    0.01683187 -0.00663515
  0.00721017  0.01659369    0.01683187 -0.00663515   -0.00121680  0.00293761
    2    2
  0.08378174  0.00000000   -0.00047002  0.00422400   -0.00368248 -0.00156393
 -0.00047002 -0.00422400    0.08378174  0.00000000    0.00368248 -0.00156393
 -0.00368248  0.00156393    0.00368248  0.00156393    0.07235258  0.00000000

     Dynamical  Matrix in cartesian axes

     q = (    0.250000000  -0.250000000   0.463765733 ) 

    1    1
  0.08378174  0.00000000   -0.00047002 -0.00422400    0.00368248 -0.00156393
 -0.00047002  0.00422400    0.08378174  0.00000000   -0.00368248 -0.00156393
  0.00368248  0.00156393   -0.00368248  0.00156393    0.07235258  0.00000000
    1    2
 -0.03530723  0.03117701    0.00108468 -0.00044929    0.01659369  0.00721017
  0.00108468 -0.00044929   -0.04701146  0.00292051   -0.00663515  0.01683187
  0.01659369  0.00721017   -0.00663515  0.01683187   -0.00293761  0.00121680
    2    1
 -0.03530723 -0.03117701    0.00108468  0.00044929    0.01659369 -0.00721017
  0.00108468  0.00044929   -0.04701146 -0.00292051   -0.00663515 -0.01683187
  0.01659369 -0.00721017   -0.00663515 -0.01683187   -0.00293761 -0.00121680
    2    2
  0.08378174  0.00000000   -0.00047002  0.00422400    0.00368248  0.00156393
 -0.00047002 -0.00422400    0.08378174  0.00000000   -0.00368248  0.00156393
  0.00368248 -0.00156393   -0.00368248 -0.00156393    0.07235258  0.00000000

     Dynamical  Matrix in cartesian axes

     q = (    0.250000000  -0.250000000  -0.463765733 ) 

    1    1
  0.08378174  0.00000000   -0.00047002  0.00422400   -0.00368248 -0.00156393
 -0.00047002 -0.00422400    0.08378174  0.00000000    0.00368248 -0.00156393
 -0.00368248  0.00156393    0.00368248  0.00156393    0.07235258  0.00000000
    1    2
 -0.03117701  0.03530723    0.00044929 -0.00108468    0.00721017  0.01659369
  0.00044929 -0.00108468   -0.00292051  0.04701146    0.01683187 -0.00663515
  0.00721017  0.01659369    0.01683187 -0.00663515   -0.00121680  0.00293761
    2    1
 -0.03117701 -0.03530723    0.00044929  0.00108468    0.00721017 -0.01659369
  0.00044929  0.00108468   -0.00292051 -0.04701146    0.01683187  0.00663515
  0.00721017 -0.01659369    0.01683187  0.00663515   -0.00121680 -0.00293761
    2    2
  0.08378174  0.00000000   -0.00047002 -0.00422400   -0.00368248  0.00156393
 -0.00047002  0.00422400    0.08378174  0.00000000    0.00368248  0.00156393
 -0.00368248 -0.00156393    0.00368248 -0.00156393    0.07235258  0.00000000

     Dynamical  Matrix in cartesian axes

     q = (    0.250000000   0.250000000   0.463765733 ) 

    1    1
  0.08378174  0.00000000    0.00047002  0.00422400    0.00368248 -0.00156393
  0.00047002 -0.00422400    0.08378174  0.00000000    0.00368248  0.00156393
  0.00368248  0.00156393    0.00368248 -0.00156393    0.07235258  0.00000000
    1    2
  0.03530723 -0.03117701    0.00108468 -0.00044929   -0.01659369 -0.00721017
  0.00108468 -0.00044929    0.04701146 -0.00292051   -0.00663515  0.01683187
 -0.01659369 -0.00721017   -0.00663515  0.01683187    0.00293761 -0.00121680
    2    1
  0.03530723  0.03117701    0.00108468  0.00044929   -0.01659369  0.00721017
  0.00108468  0.00044929    0.04701146  0.00292051   -0.00663515 -0.01683187
 -0.01659369  0.00721017   -0.00663515 -0.01683187    0.00293761  0.00121680
    2    2
  0.08378174  0.00000000    0.00047002 -0.00422400    0.00368248  0.00156393
  0.00047002  0.00422400    0.08378174  0.00000000    0.00368248 -0.00156393
  0.00368248 -0.00156393    0.00368248  0.00156393    0.07235258  0.00000000

     Dynamical  Matrix in cartesian axes

     q = (   -0.250000000   0.250000000  -0.463765733 ) 

    1    1
  0.08378174  0.00000000   -0.00047002  0.00422400    0.00368248  0.00156393
 -0.00047002 -0.00422400    0.08378174  0.00000000   -0.00368248  0.00156393
  0.00368248 -0.00156393   -0.00368248 -0.00156393    0.07235258  0.00000000
    1    2
 -0.03530723 -0.03117701    0.00108468  0.00044929    0.01659369 -0.00721017
  0.00108468  0.00044929   -0.04701146 -0.00292051   -0.00663515 -0.01683187
  0.01659369 -0.00721017   -0.00663515 -0.01683187   -0.00293761 -0.00121680
    2    1
 -0.03530723  0.03117701    0.00108468 -0.00044929    0.01659369  0.00721017
  0.00108468 -0.00044929   -0.04701146  0.00292051   -0.00663515  0.01683187
  0.01659369  0.00721017   -0.00663515  0.01683187   -0.00293761  0.00121680
    2    2
  0.08378174  0.00000000   -0.00047002 -0.00422400    0.00368248 -0.00156393
 -0.00047002  0.00422400    0.08378174  0.00000000   -0.00368248 -0.00156393
  0.00368248  0.00156393   -0.00368248  0.00156393    0.07235258  0.00000000

     Dynamical  Matrix in cartesian axes

     q = (   -0.250000000  -0.250000000   0.463765733 ) 

    1    1
  0.08378174  0.00000000    0.00047002  0.00422400   -0.00368248  0.00156393
  0.00047002 -0.00422400    0.08378174  0.00000000   -0.00368248 -0.00156393
 -0.00368248 -0.00156393   -0.00368248  0.00156393    0.07235258  0.00000000
    1    2
  0.03117701  0.03530723    0.00044929  0.00108468   -0.00721017  0.01659369
  0.00044929  0.00108468    0.00292051  0.04701146    0.01683187  0.00663515
 -0.00721017  0.01659369    0.01683187  0.00663515    0.00121680  0.00293761
    2    1
  0.03117701 -0.03530723    0.00044929 -0.00108468   -0.00721017 -0.01659369
  0.00044929 -0.00108468    0.00292051 -0.04701146    0.01683187 -0.00663515
 -0.00721017 -0.01659369    0.01683187 -0.00663515    0.00121680 -0.00293761
    2    2
  0.08378174  0.00000000    0.00047002 -0.00422400   -0.00368248 -0.00156393
  0.00047002  0.00422400    0.08378174  0.00000000   -0.00368248  0.00156393
 -0.00368248  0.00156393   -0.00368248 -0.00156393    0.07235258  0.00000000

     Diagonalizing the dynamical matrix

     q = (    0.250000000   0.250000000  -0.463765733 ) 

 **************************************************************************
     freq (    1) =       1.588510 [THz] =      52.986980 [cm-1]
 (  0.219452 -0.394288  0.123627 -0.433980  0.116549 -0.281375 ) 
 ( -0.448255  0.051860 -0.448255 -0.051860 -0.304558  0.000000 ) 
     freq (    2) =       1.679033 [THz] =      56.006528 [cm-1]
 (  0.383109  0.239735 -0.440418 -0.101381  0.115763 -0.279477 ) 
 ( -0.074877 -0.445690 -0.074877  0.445690  0.302504  0.000000 ) 
     freq (    3) =       2.679700 [THz] =      89.385186 [cm-1]
 ( -0.245362  0.095589  0.105905  0.241088  0.230031 -0.555344 ) 
 (  0.182208 -0.190104  0.182208  0.190104 -0.601100  0.000000 ) 
     freq (    4) =       2.899439 [THz] =      96.714864 [cm-1]
 ( -0.232194 -0.023487  0.180793  0.147578  0.239313 -0.577753 ) 
 ( -0.067158  0.223507 -0.067158 -0.223507  0.625355  0.000000 ) 
     freq (    5) =       3.650477 [THz] =     121.766794 [cm-1]
 ( -0.222066  0.438150 -0.152795  0.466843 -0.050512  0.121947 ) 
 ( -0.489779  0.037489 -0.489779 -0.037489 -0.131994  0.000000 ) 
     freq (    6) =       3.706998 [THz] =     123.652147 [cm-1]
 (  0.376349  0.292232 -0.472758 -0.059479  0.082008 -0.197986 ) 
 (  0.125965  0.459533  0.125965 -0.459533 -0.214298  0.000000 ) 
 **************************************************************************
