Dynamical matrix file
                                                                           
  1    2  0 11.0780329  0.0000000  0.0000000  0.0000000  0.0000000  0.0000000
Basis vectors
      1.000000000    0.000000000    0.000000000
      0.000000000    1.000000000    0.000000000
      0.500000000    0.500000000    0.269532635
           1  'Sn  '    108197.54598352207     
    1    1      1.0000000000      1.2500000000      0.2021494763
    2    1      0.5000000000      0.2500000000      0.0673831588

     Dynamical  Matrix in cartesian axes

     q = (    0.250000000   0.375000000  -1.159414332 ) 

    1    1
  0.08089817  0.00000000   -0.00114182 -0.00187537   -0.00853156  0.00262267
 -0.00114182  0.00187537    0.07945182  0.00000000   -0.00668941 -0.00096005
 -0.00853156 -0.00262267   -0.00668941  0.00096005    0.09189761  0.00000000
    1    2
  0.03034596 -0.00421030   -0.00422360  0.00506669   -0.00277446 -0.01769576
 -0.00422360  0.00506669   -0.00746905 -0.00805413    0.01797331 -0.00841717
 -0.00277446 -0.01769576    0.01797331 -0.00841717   -0.00270777  0.00306858
    2    1
  0.03034596  0.00421030   -0.00422360 -0.00506669   -0.00277446  0.01769576
 -0.00422360 -0.00506669   -0.00746905  0.00805413    0.01797331  0.00841717
 -0.00277446  0.01769576    0.01797331  0.00841717   -0.00270777 -0.00306858
    2    2
  0.08089817  0.00000000   -0.00114182  0.00187537   -0.00853156 -0.00262267
 -0.00114182 -0.00187537    0.07945182  0.00000000   -0.00668941  0.00096005
 -0.00853156  0.00262267   -0.00668941 -0.00096005    0.09189761  0.00000000

     Dynamical  Matrix in cartesian axes

     q = (    0.375000000   0.250000000  -1.159414332 ) 

    1    1
  0.07945182  0.00000000   -0.00114182 -0.00187537   -0.00668941  0.00096005
 -0.00114182  0.00187537    0.08089817  0.00000000   -0.00853156 -0.00262267
 -0.00668941 -0.00096005   -0.00853156  0.00262267    0.09189761  0.00000000
    1    2
  0.01097655 -0.00041372   -0.00059615  0.00656923   -0.00675721 -0.01866089
 -0.00059615  0.00656923   -0.01848070 -0.02443496    0.01447463 -0.01055095
 -0.00675721 -0.01866089    0.01447463 -0.01055095   -0.00025513  0.00408450
    2    1
  0.01097655  0.00041372   -0.00059615 -0.00656923   -0.00675721  0.01866089
 -0.00059615 -0.00656923   -0.01848070  0.02443496    0.01447463  0.01055095
 -0.00675721  0.01866089    0.01447463  0.01055095   -0.00025513 -0.00408450
    2    2
  0.07945182  0.00000000   -0.00114182  0.00187537   -0.00668941 -0.00096005
 -0.00114182 -0.00187537    0.08089817  0.00000000   -0.00853156  0.00262267
 -0.00668941  0.00096005   -0.00853156 -0.00262267    0.09189761 -0.00000000

     Dynamical  Matrix in cartesian axes

     q = (   -0.250000000  -0.375000000  -1.159414332 ) 

    1    1
  0.08089817  0.00000000   -0.00114182 -0.00187537    0.00853156 -0.00262267
 -0.00114182  0.00187537    0.07945182  0.00000000    0.00668941  0.00096005
  0.00853156  0.00262267    0.00668941 -0.00096005    0.09189761  0.00000000
    1    2
  0.03034596 -0.00421030   -0.00422360  0.00506669    0.00277446  0.01769576
 -0.00422360  0.00506669   -0.00746905 -0.00805413   -0.01797331  0.00841717
  0.00277446  0.01769576   -0.01797331  0.00841717   -0.00270777  0.00306858
    2    1
  0.03034596  0.00421030   -0.00422360 -0.00506669    0.00277446 -0.01769576
 -0.00422360 -0.00506669   -0.00746905  0.00805413   -0.01797331 -0.00841717
  0.00277446 -0.01769576   -0.01797331 -0.00841717   -0.00270777 -0.00306858
    2    2
  0.08089817  0.00000000   -0.00114182  0.00187537    0.00853156  0.00262267
 -0.00114182 -0.00187537    0.07945182  0.00000000    0.00668941 -0.00096005
  0.00853156 -0.00262267    0.00668941  0.00096005    0.09189761  0.00000000

     Dynamical  Matrix in cartesian axes

     q = (   -0.375000000  -0.250000000  -1.159414332 ) 

    1    1
  0.07945182  0.00000000   -0.00114182 -0.00187537    0.00668941 -0.00096005
 -0.00114182  0.00187537    0.08089817  0.00000000    0.00853156  0.00262267
  0.00668941  0.00096005    0.00853156 -0.00262267    0.09189761  0.00000000
    1    2
  0.00805413  0.00746905   -0.00506669  0.00422360   -0.00841717  0.01797331
 -0.00506669  0.00422360    0.00421030 -0.03034596   -0.01769576 -0.00277446
 -0.00841717  0.01797331   -0.01769576 -0.00277446   -0.00306858  0.00270777
    2    1
  0.00805413 -0.00746905   -0.00506669 -0.00422360   -0.00841717 -0.01797331
 -0.00506669 -0.00422360    0.00421030  0.03034596   -0.01769576  0.00277446
 -0.00841717 -0.01797331   -0.01769576  0.00277446   -0.00306858 -0.00270777
    2    2
  0.07945182  0.00000000   -0.00114182  0.00187537    0.00668941  0.00096005
 -0.00114182 -0.00187537    0.08089817  0.00000000    0.00853156 -0.00262267
  0.00668941 -0.00096005    0.00853156  0.00262267    0.09189761  0.00000000

     Dynamical  Matrix in cartesian axes

     q = (   -0.250000000   0.375000000   1.159414332 ) 

    1    1
  0.08089817  0.00000000    0.00114182 -0.00187537   -0.00853156 -0.00262267
  0.00114182  0.00187537    0.07945182  0.00000000    0.00668941 -0.00096005
 -0.00853156  0.00262267    0.00668941  0.00096005    0.09189761  0.00000000
    1    2
  0.00421030 -0.03034596    0.00506669 -0.00422360    0.01769576  0.00277446
  0.00506669 -0.00422360    0.00805413  0.00746905   -0.00841717  0.01797331
  0.01769576  0.00277446   -0.00841717  0.01797331   -0.00306858  0.00270777
    2    1
  0.00421030  0.03034596    0.00506669  0.00422360    0.01769576 -0.00277446
  0.00506669  0.00422360    0.00805413 -0.00746905   -0.00841717 -0.01797331
  0.01769576 -0.00277446   -0.00841717 -0.01797331   -0.00306858 -0.00270777
    2    2
  0.08089817  0.00000000    0.00114182  0.00187537   -0.00853156  0.00262267
  0.00114182 -0.00187537    0.07945182  0.00000000    0.00668941  0.00096005
 -0.00853156 -0.00262267    0.00668941 -0.00096005    0.09189761  0.00000000

     Dynamical  Matrix in cartesian axes

     q = (    0.250000000  -0.375000000   1.159414332 ) 

    1    1
  0.08089817  0.00000000    0.00114182 -0.00187537    0.00853156  0.00262267
  0.00114182  0.00187537    0.07945182  0.00000000   -0.00668941  0.00096005
  0.00853156 -0.00262267   -0.00668941 -0.00096005    0.09189761  0.00000000
    1    2
 -0.00421030  0.03034596   -0.00506669  0.00422360    0.01769576  0.00277446
 -0.00506669  0.00422360   -0.00805413 -0.00746905   -0.00841717  0.01797331
  0.01769576  0.00277446   -0.00841717  0.01797331    0.00306858 -0.00270777
    2    1
 -0.00421030 -0.03034596   -0.00506669 -0.00422360    0.01769576 -0.00277446
 -0.00506669 -0.00422360   -0.00805413  0.00746905   -0.00841717 -0.01797331
  0.01769576 -0.00277446   -0.00841717 -0.01797331    0.00306858  0.00270777
    2    2
  0.08089817  0.00000000    0.00114182  0.00187537    0.00853156 -0.00262267
  0.00114182 -0.00187537    0.07945182  0.00000000   -0.00668941 -0.00096005
  0.00853156  0.00262267   -0.00668941  0.00096005    0.09189761  0.00000000

     Dynamical  Matrix in cartesian axes

     q = (   -0.375000000   0.250000000   1.159414332 ) 

    1    1
  0.07945182  0.00000000    0.00114182 -0.00187537   -0.00668941 -0.00096005
  0.00114182  0.00187537    0.08089817  0.00000000    0.00853156 -0.00262267
 -0.00668941  0.00096005    0.00853156  0.00262267    0.09189761  0.00000000
    1    2
 -0.01097655 -0.00041372   -0.00059615 -0.00656923    0.00675721 -0.01866089
 -0.00059615 -0.00656923    0.01848070 -0.02443496    0.01447463  0.01055095
  0.00675721 -0.01866089    0.01447463  0.01055095    0.00025513  0.00408450
    2    1
 -0.01097655  0.00041372   -0.00059615  0.00656923    0.00675721  0.01866089
 -0.00059615  0.00656923    0.01848070  0.02443496    0.01447463 -0.01055095
  0.00675721  0.01866089    0.01447463 -0.01055095    0.00025513 -0.00408450
    2    2
  0.07945182  0.00000000    0.00114182  0.00187537   -0.00668941  0.00096005
  0.00114182 -0.00187537    0.08089817  0.00000000    0.00853156  0.00262267
 -0.00668941 -0.00096005    0.00853156 -0.00262267    0.09189761 -0.00000000

     Dynamical  Matrix in cartesian axes

     q = (    0.375000000  -0.250000000   1.159414332 ) 

    1    1
  0.07945182  0.00000000    0.00114182 -0.00187537    0.00668941  0.00096005
  0.00114182  0.00187537    0.08089817  0.00000000   -0.00853156  0.00262267
  0.00668941 -0.00096005   -0.00853156 -0.00262267    0.09189761  0.00000000
    1    2
 -0.00805413  0.00746905   -0.00506669 -0.00422360    0.00841717  0.01797331
 -0.00506669 -0.00422360   -0.00421030 -0.03034596   -0.01769576  0.00277446
  0.00841717  0.01797331   -0.01769576  0.00277446    0.00306858  0.00270777
    2    1
 -0.00805413 -0.00746905   -0.00506669  0.00422360    0.00841717 -0.01797331
 -0.00506669  0.00422360   -0.00421030  0.03034596   -0.01769576 -0.00277446
  0.00841717 -0.01797331   -0.01769576 -0.00277446    0.00306858 -0.00270777
    2    2
  0.07945182  0.00000000    0.00114182  0.00187537    0.00668941 -0.00096005
  0.00114182 -0.00187537    0.08089817  0.00000000   -0.00853156 -0.00262267
  0.00668941  0.00096005   -0.00853156  0.00262267    0.09189761  0.00000000

     Dynamical  Matrix in cartesian axes

     q = (    0.250000000  -0.375000000  -1.159414332 ) 

    1    1
  0.08089817  0.00000000    0.00114182  0.00187537   -0.00853156  0.00262267
  0.00114182 -0.00187537    0.07945182  0.00000000    0.00668941  0.00096005
 -0.00853156 -0.00262267    0.00668941 -0.00096005    0.09189761  0.00000000
    1    2
  0.00421030  0.03034596    0.00506669  0.00422360    0.01769576 -0.00277446
  0.00506669  0.00422360    0.00805413 -0.00746905   -0.00841717 -0.01797331
  0.01769576 -0.00277446   -0.00841717 -0.01797331   -0.00306858 -0.00270777
    2    1
  0.00421030 -0.03034596    0.00506669 -0.00422360    0.01769576  0.00277446
  0.00506669 -0.00422360    0.00805413  0.00746905   -0.00841717  0.01797331
  0.01769576  0.00277446   -0.00841717  0.01797331   -0.00306858  0.00270777
    2    2
  0.08089817  0.00000000    0.00114182 -0.00187537   -0.00853156 -0.00262267
  0.00114182  0.00187537    0.07945182  0.00000000    0.00668941 -0.00096005
 -0.00853156  0.00262267    0.00668941  0.00096005    0.09189761  0.00000000

     Dynamical  Matrix in cartesian axes

     q = (    0.375000000  -0.250000000  -1.159414332 ) 

    1    1
  0.07945182  0.00000000    0.00114182  0.00187537   -0.00668941  0.00096005
  0.00114182 -0.00187537    0.08089817  0.00000000    0.00853156  0.00262267
 -0.00668941 -0.00096005    0.00853156 -0.00262267    0.09189761 -0.00000000
    1    2
 -0.01097655  0.00041372   -0.00059615  0.00656923    0.00675721  0.01866089
 -0.00059615  0.00656923    0.01848070  0.02443496    0.01447463 -0.01055095
  0.00675721  0.01866089    0.01447463 -0.01055095    0.00025513 -0.00408450
    2    1
 -0.01097655 -0.00041372   -0.00059615 -0.00656923    0.00675721 -0.01866089
 -0.00059615 -0.00656923    0.01848070 -0.02443496    0.01447463  0.01055095
  0.00675721 -0.01866089    0.01447463  0.01055095    0.00025513  0.00408450
    2    2
  0.07945182  0.00000000    0.00114182 -0.00187537   -0.00668941 -0.00096005
  0.00114182  0.00187537    0.08089817  0.00000000    0.00853156 -0.00262267
 -0.00668941  0.00096005    0.00853156  0.00262267    0.09189761  0.00000000

     Dynamical  Matrix in cartesian axes

     q = (    0.375000000   0.250000000   1.159414332 ) 

    1    1
  0.07945182  0.00000000   -0.00114182  0.00187537    0.00668941  0.00096005
 -0.00114182 -0.00187537    0.08089817  0.00000000    0.00853156 -0.00262267
  0.00668941 -0.00096005    0.00853156  0.00262267    0.09189761  0.00000000
    1    2
  0.00805413 -0.00746905   -0.00506669 -0.00422360   -0.00841717 -0.01797331
 -0.00506669 -0.00422360    0.00421030  0.03034596   -0.01769576  0.00277446
 -0.00841717 -0.01797331   -0.01769576  0.00277446   -0.00306858 -0.00270777
    2    1
  0.00805413  0.00746905   -0.00506669  0.00422360   -0.00841717  0.01797331
 -0.00506669  0.00422360    0.00421030 -0.03034596   -0.01769576 -0.00277446
 -0.00841717  0.01797331   -0.01769576 -0.00277446   -0.00306858  0.00270777
    2    2
  0.07945182  0.00000000   -0.00114182 -0.00187537    0.00668941 -0.00096005
 -0.00114182  0.00187537    0.08089817  0.00000000    0.00853156  0.00262267
  0.00668941  0.00096005    0.00853156 -0.00262267    0.09189761  0.00000000

     Dynamical  Matrix in cartesian axes

     q = (   -0.250000000   0.375000000  -1.159414332 ) 

    1    1
  0.08089817  0.00000000    0.00114182  0.00187537    0.00853156 -0.00262267
  0.00114182 -0.00187537    0.07945182  0.00000000   -0.00668941 -0.00096005
  0.00853156  0.00262267   -0.00668941  0.00096005    0.09189761  0.00000000
    1    2
 -0.00421030 -0.03034596   -0.00506669 -0.00422360    0.01769576 -0.00277446
 -0.00506669 -0.00422360   -0.00805413  0.00746905   -0.00841717 -0.01797331
  0.01769576 -0.00277446   -0.00841717 -0.01797331    0.00306858  0.00270777
    2    1
 -0.00421030  0.03034596   -0.00506669  0.00422360    0.01769576  0.00277446
 -0.00506669  0.00422360   -0.00805413 -0.00746905   -0.00841717  0.01797331
  0.01769576  0.00277446   -0.00841717  0.01797331    0.00306858 -0.00270777
    2    2
  0.08089817  0.00000000    0.00114182 -0.00187537    0.00853156  0.00262267
  0.00114182  0.00187537    0.07945182  0.00000000   -0.00668941  0.00096005
  0.00853156 -0.00262267   -0.00668941 -0.00096005    0.09189761  0.00000000

     Dynamical  Matrix in cartesian axes

     q = (   -0.375000000   0.250000000  -1.159414332 ) 

    1    1
  0.07945182  0.00000000    0.00114182  0.00187537    0.00668941 -0.00096005
  0.00114182 -0.00187537    0.08089817  0.00000000   -0.00853156 -0.00262267
  0.00668941  0.00096005   -0.00853156  0.00262267    0.09189761  0.00000000
    1    2
 -0.00805413 -0.00746905   -0.00506669  0.00422360    0.00841717 -0.01797331
 -0.00506669  0.00422360   -0.00421030  0.03034596   -0.01769576 -0.00277446
  0.00841717 -0.01797331   -0.01769576 -0.00277446    0.00306858 -0.00270777
    2    1
 -0.00805413  0.00746905   -0.00506669 -0.00422360    0.00841717  0.01797331
 -0.00506669 -0.00422360   -0.00421030 -0.03034596   -0.01769576  0.00277446
  0.00841717  0.01797331   -0.01769576  0.00277446    0.00306858  0.00270777
    2    2
  0.07945182  0.00000000    0.00114182 -0.00187537    0.00668941  0.00096005
  0.00114182  0.00187537    0.08089817  0.00000000   -0.00853156  0.00262267
  0.00668941 -0.00096005   -0.00853156 -0.00262267    0.09189761  0.00000000

     Dynamical  Matrix in cartesian axes

     q = (    0.250000000   0.375000000   1.159414332 ) 

    1    1
  0.08089817  0.00000000   -0.00114182  0.00187537    0.00853156  0.00262267
 -0.00114182 -0.00187537    0.07945182  0.00000000    0.00668941 -0.00096005
  0.00853156 -0.00262267    0.00668941  0.00096005    0.09189761  0.00000000
    1    2
  0.03034596  0.00421030   -0.00422360 -0.00506669    0.00277446 -0.01769576
 -0.00422360 -0.00506669   -0.00746905  0.00805413   -0.01797331 -0.00841717
  0.00277446 -0.01769576   -0.01797331 -0.00841717   -0.00270777 -0.00306858
    2    1
  0.03034596 -0.00421030   -0.00422360  0.00506669    0.00277446  0.01769576
 -0.00422360  0.00506669   -0.00746905 -0.00805413   -0.01797331  0.00841717
  0.00277446  0.01769576   -0.01797331  0.00841717   -0.00270777  0.00306858
    2    2
  0.08089817  0.00000000   -0.00114182 -0.00187537    0.00853156 -0.00262267
 -0.00114182  0.00187537    0.07945182  0.00000000    0.00668941  0.00096005
  0.00853156  0.00262267    0.00668941 -0.00096005    0.09189761  0.00000000

     Dynamical  Matrix in cartesian axes

     q = (   -0.250000000  -0.375000000   1.159414332 ) 

    1    1
  0.08089817  0.00000000   -0.00114182  0.00187537   -0.00853156 -0.00262267
 -0.00114182 -0.00187537    0.07945182  0.00000000   -0.00668941  0.00096005
 -0.00853156  0.00262267   -0.00668941 -0.00096005    0.09189761  0.00000000
    1    2
  0.03034596  0.00421030   -0.00422360 -0.00506669   -0.00277446  0.01769576
 -0.00422360 -0.00506669   -0.00746905  0.00805413    0.01797331  0.00841717
 -0.00277446  0.01769576    0.01797331  0.00841717   -0.00270777 -0.00306858
    2    1
  0.03034596 -0.00421030   -0.00422360  0.00506669   -0.00277446 -0.01769576
 -0.00422360  0.00506669   -0.00746905 -0.00805413    0.01797331 -0.00841717
 -0.00277446 -0.01769576    0.01797331 -0.00841717   -0.00270777  0.00306858
    2    2
  0.08089817  0.00000000   -0.00114182 -0.00187537   -0.00853156  0.00262267
 -0.00114182  0.00187537    0.07945182  0.00000000   -0.00668941 -0.00096005
 -0.00853156 -0.00262267   -0.00668941  0.00096005    0.09189761  0.00000000

     Dynamical  Matrix in cartesian axes

     q = (   -0.375000000  -0.250000000   1.159414332 ) 

    1    1
  0.07945182  0.00000000   -0.00114182  0.00187537   -0.00668941 -0.00096005
 -0.00114182 -0.00187537    0.08089817  0.00000000   -0.00853156  0.00262267
 -0.00668941  0.00096005   -0.00853156 -0.00262267    0.09189761 -0.00000000
    1    2
  0.01097655  0.00041372   -0.00059615 -0.00656923   -0.00675721  0.01866089
 -0.00059615 -0.00656923   -0.01848070  0.02443496    0.01447463  0.01055095
 -0.00675721  0.01866089    0.01447463  0.01055095   -0.00025513 -0.00408450
    2    1
  0.01097655 -0.00041372   -0.00059615  0.00656923   -0.00675721 -0.01866089
 -0.00059615  0.00656923   -0.01848070 -0.02443496    0.01447463 -0.01055095
 -0.00675721 -0.01866089    0.01447463 -0.01055095   -0.00025513  0.00408450
    2    2
  0.07945182  0.00000000   -0.00114182 -0.00187537   -0.00668941  0.00096005
 -0.00114182  0.00187537    0.08089817  0.00000000   -0.00853156 -0.00262267
 -0.00668941 -0.00096005   -0.00853156  0.00262267    0.09189761  0.00000000

     Diagonalizing the dynamical matrix

     q = (    0.250000000   0.375000000  -1.159414332 ) 

 **************************************************************************
     freq (    1) =       2.063290 [THz] =      68.823950 [cm-1]
 ( -0.106497  0.632773 -0.123505 -0.019949  0.218062  0.158286 ) 
 (  0.285526 -0.574646 -0.111668 -0.056407  0.269454  0.000000 ) 
     freq (    2) =       2.357386 [THz] =      78.633938 [cm-1]
 (  0.016606 -0.132511  0.406083 -0.401151  0.392716  0.045966 ) 
 ( -0.001088 -0.133543 -0.356695 -0.445640 -0.395397  0.000000 ) 
     freq (    3) =       2.742877 [THz] =      91.492519 [cm-1]
 ( -0.144677  0.203861  0.554600 -0.084072 -0.191390 -0.293649 ) 
 (  0.091791 -0.232519  0.232394  0.510532 -0.350514  0.000000 ) 
     freq (    4) =       3.092851 [THz] =     103.166419 [cm-1]
 (  0.511762 -0.033604  0.199568 -0.310469  0.268022  0.170047 ) 
 (  0.414125  0.302539  0.002187  0.369071  0.317415  0.000000 ) 
     freq (    5) =       3.113378 [THz] =     103.851122 [cm-1]
 ( -0.166867  0.078919  0.330401 -0.075830  0.082864 -0.586639 ) 
 ( -0.101481  0.154189  0.121295 -0.316548  0.592463  0.000000 ) 
     freq (    6) =       3.724013 [THz] =     124.219693 [cm-1]
 ( -0.178309 -0.423125  0.291382 -0.088522 -0.236305  0.374955 ) 
 ( -0.262898 -0.376449 -0.230246  0.199314  0.443206 -0.000000 ) 
 **************************************************************************
