Dynamical matrix file
                                                                           
  1    2  0 11.0780329  0.0000000  0.0000000  0.0000000  0.0000000  0.0000000
Basis vectors
      1.000000000    0.000000000    0.000000000
      0.000000000    1.000000000    0.000000000
      0.500000000    0.500000000    0.269532635
           1  'Sn  '    108197.54598352207     
    1    1      1.0000000000      1.2500000000      0.2021494763
    2    1      0.5000000000      0.2500000000      0.0673831588

     Dynamical  Matrix in cartesian axes

     q = (    0.125000000   0.375000000  -2.318828664 ) 

    1    1
  0.09023478  0.00000000    0.00085996  0.00109251   -0.00163268  0.00006493
  0.00085996 -0.00109251    0.08937389  0.00000000    0.00217621  0.00295833
 -0.00163268 -0.00006493    0.00217621 -0.00295833    0.07115392  0.00000000
    1    2
  0.05778352 -0.02291300    0.00071185  0.00349128   -0.00281550 -0.00959572
  0.00071185  0.00349128   -0.01787925  0.02440972   -0.02720202 -0.00131386
 -0.00281550 -0.00959572   -0.02720202 -0.00131386    0.00435868  0.00572013
    2    1
  0.05778352  0.02291300    0.00071185 -0.00349128   -0.00281550  0.00959572
  0.00071185 -0.00349128   -0.01787925 -0.02440972   -0.02720202  0.00131386
 -0.00281550  0.00959572   -0.02720202  0.00131386    0.00435868 -0.00572013
    2    2
  0.09023478  0.00000000    0.00085996 -0.00109251   -0.00163268 -0.00006493
  0.00085996  0.00109251    0.08937389  0.00000000    0.00217621 -0.00295833
 -0.00163268  0.00006493    0.00217621  0.00295833    0.07115392 -0.00000000

     Dynamical  Matrix in cartesian axes

     q = (    0.375000000   0.125000000  -2.318828664 ) 

    1    1
  0.08937389  0.00000000    0.00085996  0.00109251    0.00217621 -0.00295833
  0.00085996 -0.00109251    0.09023478  0.00000000   -0.00163268 -0.00006493
  0.00217621  0.00295833   -0.00163268  0.00006493    0.07115392 -0.00000000
    1    2
  0.00461775 -0.02990282    0.00297206 -0.00196535   -0.02016377 -0.01830569
  0.00297206 -0.00196535    0.02465718  0.05706105   -0.00877606  0.00479434
 -0.02016377 -0.01830569   -0.00877606  0.00479434    0.00712679 -0.00096269
    2    1
  0.00461775  0.02990282    0.00297206  0.00196535   -0.02016377  0.01830569
  0.00297206  0.00196535    0.02465718 -0.05706105   -0.00877606 -0.00479434
 -0.02016377  0.01830569   -0.00877606 -0.00479434    0.00712679  0.00096269
    2    2
  0.08937389  0.00000000    0.00085996 -0.00109251    0.00217621  0.00295833
  0.00085996  0.00109251    0.09023478  0.00000000   -0.00163268  0.00006493
  0.00217621 -0.00295833   -0.00163268 -0.00006493    0.07115392  0.00000000

     Dynamical  Matrix in cartesian axes

     q = (   -0.125000000  -0.375000000  -2.318828664 ) 

    1    1
  0.09023478  0.00000000    0.00085996  0.00109251    0.00163268 -0.00006493
  0.00085996 -0.00109251    0.08937389  0.00000000   -0.00217621 -0.00295833
  0.00163268  0.00006493   -0.00217621  0.00295833    0.07115392 -0.00000000
    1    2
  0.05706105  0.02465718   -0.00196535  0.00297206   -0.00479434  0.00877606
 -0.00196535  0.00297206   -0.02990282  0.00461775    0.01830569  0.02016377
 -0.00479434  0.00877606    0.01830569  0.02016377   -0.00096269  0.00712679
    2    1
  0.05706105 -0.02465718   -0.00196535 -0.00297206   -0.00479434 -0.00877606
 -0.00196535 -0.00297206   -0.02990282 -0.00461775    0.01830569 -0.02016377
 -0.00479434 -0.00877606    0.01830569 -0.02016377   -0.00096269 -0.00712679
    2    2
  0.09023478  0.00000000    0.00085996 -0.00109251    0.00163268  0.00006493
  0.00085996  0.00109251    0.08937389  0.00000000   -0.00217621  0.00295833
  0.00163268 -0.00006493   -0.00217621 -0.00295833    0.07115392  0.00000000

     Dynamical  Matrix in cartesian axes

     q = (   -0.375000000  -0.125000000  -2.318828664 ) 

    1    1
  0.08937389  0.00000000    0.00085996  0.00109251   -0.00217621  0.00295833
  0.00085996 -0.00109251    0.09023478  0.00000000    0.00163268  0.00006493
 -0.00217621 -0.00295833    0.00163268 -0.00006493    0.07115392  0.00000000
    1    2
  0.01787925  0.02440972   -0.00071185  0.00349128   -0.02720202  0.00131386
 -0.00071185  0.00349128   -0.05778352 -0.02291300   -0.00281550  0.00959572
 -0.02720202  0.00131386   -0.00281550  0.00959572   -0.00435868  0.00572013
    2    1
  0.01787925 -0.02440972   -0.00071185 -0.00349128   -0.02720202 -0.00131386
 -0.00071185 -0.00349128   -0.05778352  0.02291300   -0.00281550 -0.00959572
 -0.02720202 -0.00131386   -0.00281550 -0.00959572   -0.00435868 -0.00572013
    2    2
  0.08937389  0.00000000    0.00085996 -0.00109251   -0.00217621 -0.00295833
  0.00085996  0.00109251    0.09023478  0.00000000    0.00163268 -0.00006493
 -0.00217621  0.00295833    0.00163268  0.00006493    0.07115392 -0.00000000

     Dynamical  Matrix in cartesian axes

     q = (   -0.125000000   0.375000000   2.318828664 ) 

    1    1
  0.09023478  0.00000000   -0.00085996  0.00109251   -0.00163268 -0.00006493
 -0.00085996 -0.00109251    0.08937389  0.00000000   -0.00217621  0.00295833
 -0.00163268  0.00006493   -0.00217621 -0.00295833    0.07115392 -0.00000000
    1    2
  0.02291300 -0.05778352    0.00349128  0.00071185    0.00959572  0.00281550
  0.00349128  0.00071185   -0.02440972  0.01787925   -0.00131386 -0.02720202
  0.00959572  0.00281550   -0.00131386 -0.02720202   -0.00572013 -0.00435868
    2    1
  0.02291300  0.05778352    0.00349128 -0.00071185    0.00959572 -0.00281550
  0.00349128 -0.00071185   -0.02440972 -0.01787925   -0.00131386  0.02720202
  0.00959572 -0.00281550   -0.00131386  0.02720202   -0.00572013  0.00435868
    2    2
  0.09023478  0.00000000   -0.00085996 -0.00109251   -0.00163268  0.00006493
 -0.00085996  0.00109251    0.08937389  0.00000000   -0.00217621 -0.00295833
 -0.00163268 -0.00006493   -0.00217621  0.00295833    0.07115392  0.00000000

     Dynamical  Matrix in cartesian axes

     q = (    0.125000000  -0.375000000   2.318828664 ) 

    1    1
  0.09023478  0.00000000   -0.00085996  0.00109251    0.00163268  0.00006493
 -0.00085996 -0.00109251    0.08937389  0.00000000    0.00217621 -0.00295833
  0.00163268 -0.00006493    0.00217621  0.00295833    0.07115392  0.00000000
    1    2
  0.02465718  0.05706105   -0.00297206  0.00196535    0.00877606 -0.00479434
 -0.00297206  0.00196535    0.00461775 -0.02990282   -0.02016377 -0.01830569
  0.00877606 -0.00479434   -0.02016377 -0.01830569    0.00712679 -0.00096269
    2    1
  0.02465718 -0.05706105   -0.00297206 -0.00196535    0.00877606  0.00479434
 -0.00297206 -0.00196535    0.00461775  0.02990282   -0.02016377  0.01830569
  0.00877606  0.00479434   -0.02016377  0.01830569    0.00712679  0.00096269
    2    2
  0.09023478  0.00000000   -0.00085996 -0.00109251    0.00163268 -0.00006493
 -0.00085996  0.00109251    0.08937389  0.00000000    0.00217621  0.00295833
  0.00163268  0.00006493    0.00217621 -0.00295833    0.07115392 -0.00000000

     Dynamical  Matrix in cartesian axes

     q = (   -0.375000000   0.125000000   2.318828664 ) 

    1    1
  0.08937389  0.00000000   -0.00085996  0.00109251    0.00217621  0.00295833
 -0.00085996 -0.00109251    0.09023478  0.00000000    0.00163268 -0.00006493
  0.00217621 -0.00295833    0.00163268  0.00006493    0.07115392  0.00000000
    1    2
 -0.02990282  0.00461775    0.00196535 -0.00297206   -0.01830569 -0.02016377
  0.00196535 -0.00297206    0.05706105  0.02465718   -0.00479434  0.00877606
 -0.01830569 -0.02016377   -0.00479434  0.00877606   -0.00096269  0.00712679
    2    1
 -0.02990282 -0.00461775    0.00196535  0.00297206   -0.01830569  0.02016377
  0.00196535  0.00297206    0.05706105 -0.02465718   -0.00479434 -0.00877606
 -0.01830569  0.02016377   -0.00479434 -0.00877606   -0.00096269 -0.00712679
    2    2
  0.08937389  0.00000000   -0.00085996 -0.00109251    0.00217621 -0.00295833
 -0.00085996  0.00109251    0.09023478  0.00000000    0.00163268  0.00006493
  0.00217621  0.00295833    0.00163268 -0.00006493    0.07115392 -0.00000000

     Dynamical  Matrix in cartesian axes

     q = (    0.375000000  -0.125000000   2.318828664 ) 

    1    1
  0.08937389  0.00000000   -0.00085996  0.00109251   -0.00217621 -0.00295833
 -0.00085996 -0.00109251    0.09023478  0.00000000   -0.00163268  0.00006493
 -0.00217621  0.00295833   -0.00163268 -0.00006493    0.07115392 -0.00000000
    1    2
 -0.02440972 -0.01787925    0.00349128 -0.00071185   -0.00131386  0.02720202
  0.00349128 -0.00071185    0.02291300  0.05778352    0.00959572 -0.00281550
 -0.00131386  0.02720202    0.00959572 -0.00281550   -0.00572013  0.00435868
    2    1
 -0.02440972  0.01787925    0.00349128  0.00071185   -0.00131386 -0.02720202
  0.00349128  0.00071185    0.02291300 -0.05778352    0.00959572  0.00281550
 -0.00131386 -0.02720202    0.00959572  0.00281550   -0.00572013 -0.00435868
    2    2
  0.08937389  0.00000000   -0.00085996 -0.00109251   -0.00217621  0.00295833
 -0.00085996  0.00109251    0.09023478  0.00000000   -0.00163268 -0.00006493
 -0.00217621 -0.00295833   -0.00163268  0.00006493    0.07115392  0.00000000

     Dynamical  Matrix in cartesian axes

     q = (    0.125000000  -0.375000000  -2.318828664 ) 

    1    1
  0.09023478  0.00000000   -0.00085996 -0.00109251   -0.00163268  0.00006493
 -0.00085996  0.00109251    0.08937389  0.00000000   -0.00217621 -0.00295833
 -0.00163268 -0.00006493   -0.00217621  0.00295833    0.07115392  0.00000000
    1    2
  0.02291300  0.05778352    0.00349128 -0.00071185    0.00959572 -0.00281550
  0.00349128 -0.00071185   -0.02440972 -0.01787925   -0.00131386  0.02720202
  0.00959572 -0.00281550   -0.00131386  0.02720202   -0.00572013  0.00435868
    2    1
  0.02291300 -0.05778352    0.00349128  0.00071185    0.00959572  0.00281550
  0.00349128  0.00071185   -0.02440972  0.01787925   -0.00131386 -0.02720202
  0.00959572  0.00281550   -0.00131386 -0.02720202   -0.00572013 -0.00435868
    2    2
  0.09023478  0.00000000   -0.00085996  0.00109251   -0.00163268 -0.00006493
 -0.00085996 -0.00109251    0.08937389  0.00000000   -0.00217621  0.00295833
 -0.00163268  0.00006493   -0.00217621 -0.00295833    0.07115392 -0.00000000

     Dynamical  Matrix in cartesian axes

     q = (    0.375000000  -0.125000000  -2.318828664 ) 

    1    1
  0.08937389  0.00000000   -0.00085996 -0.00109251    0.00217621 -0.00295833
 -0.00085996  0.00109251    0.09023478  0.00000000    0.00163268  0.00006493
  0.00217621  0.00295833    0.00163268 -0.00006493    0.07115392 -0.00000000
    1    2
 -0.02990282 -0.00461775    0.00196535  0.00297206   -0.01830569  0.02016377
  0.00196535  0.00297206    0.05706105 -0.02465718   -0.00479434 -0.00877606
 -0.01830569  0.02016377   -0.00479434 -0.00877606   -0.00096269 -0.00712679
    2    1
 -0.02990282  0.00461775    0.00196535 -0.00297206   -0.01830569 -0.02016377
  0.00196535 -0.00297206    0.05706105  0.02465718   -0.00479434  0.00877606
 -0.01830569 -0.02016377   -0.00479434  0.00877606   -0.00096269  0.00712679
    2    2
  0.08937389  0.00000000   -0.00085996  0.00109251    0.00217621  0.00295833
 -0.00085996 -0.00109251    0.09023478  0.00000000    0.00163268 -0.00006493
  0.00217621 -0.00295833    0.00163268  0.00006493    0.07115392  0.00000000

     Dynamical  Matrix in cartesian axes

     q = (    0.375000000   0.125000000   2.318828664 ) 

    1    1
  0.08937389  0.00000000    0.00085996 -0.00109251   -0.00217621 -0.00295833
  0.00085996  0.00109251    0.09023478  0.00000000    0.00163268 -0.00006493
 -0.00217621  0.00295833    0.00163268  0.00006493    0.07115392 -0.00000000
    1    2
  0.01787925 -0.02440972   -0.00071185 -0.00349128   -0.02720202 -0.00131386
 -0.00071185 -0.00349128   -0.05778352  0.02291300   -0.00281550 -0.00959572
 -0.02720202 -0.00131386   -0.00281550 -0.00959572   -0.00435868 -0.00572013
    2    1
  0.01787925  0.02440972   -0.00071185  0.00349128   -0.02720202  0.00131386
 -0.00071185  0.00349128   -0.05778352 -0.02291300   -0.00281550  0.00959572
 -0.02720202  0.00131386   -0.00281550  0.00959572   -0.00435868  0.00572013
    2    2
  0.08937389  0.00000000    0.00085996  0.00109251   -0.00217621  0.00295833
  0.00085996 -0.00109251    0.09023478  0.00000000    0.00163268  0.00006493
 -0.00217621 -0.00295833    0.00163268 -0.00006493    0.07115392  0.00000000

     Dynamical  Matrix in cartesian axes

     q = (   -0.125000000   0.375000000  -2.318828664 ) 

    1    1
  0.09023478  0.00000000   -0.00085996 -0.00109251    0.00163268 -0.00006493
 -0.00085996  0.00109251    0.08937389  0.00000000    0.00217621  0.00295833
  0.00163268  0.00006493    0.00217621 -0.00295833    0.07115392 -0.00000000
    1    2
  0.02465718 -0.05706105   -0.00297206 -0.00196535    0.00877606  0.00479434
 -0.00297206 -0.00196535    0.00461775  0.02990282   -0.02016377  0.01830569
  0.00877606  0.00479434   -0.02016377  0.01830569    0.00712679  0.00096269
    2    1
  0.02465718  0.05706105   -0.00297206  0.00196535    0.00877606 -0.00479434
 -0.00297206  0.00196535    0.00461775 -0.02990282   -0.02016377 -0.01830569
  0.00877606 -0.00479434   -0.02016377 -0.01830569    0.00712679 -0.00096269
    2    2
  0.09023478  0.00000000   -0.00085996  0.00109251    0.00163268  0.00006493
 -0.00085996 -0.00109251    0.08937389  0.00000000    0.00217621 -0.00295833
  0.00163268 -0.00006493    0.00217621  0.00295833    0.07115392  0.00000000

     Dynamical  Matrix in cartesian axes

     q = (   -0.375000000   0.125000000  -2.318828664 ) 

    1    1
  0.08937389  0.00000000   -0.00085996 -0.00109251   -0.00217621  0.00295833
 -0.00085996  0.00109251    0.09023478  0.00000000   -0.00163268 -0.00006493
 -0.00217621 -0.00295833   -0.00163268  0.00006493    0.07115392  0.00000000
    1    2
 -0.02440972  0.01787925    0.00349128  0.00071185   -0.00131386 -0.02720202
  0.00349128  0.00071185    0.02291300 -0.05778352    0.00959572  0.00281550
 -0.00131386 -0.02720202    0.00959572  0.00281550   -0.00572013 -0.00435868
    2    1
 -0.02440972 -0.01787925    0.00349128 -0.00071185   -0.00131386  0.02720202
  0.00349128 -0.00071185    0.02291300  0.05778352    0.00959572 -0.00281550
 -0.00131386  0.02720202    0.00959572 -0.00281550   -0.00572013  0.00435868
    2    2
  0.08937389  0.00000000   -0.00085996  0.00109251   -0.00217621 -0.00295833
 -0.00085996 -0.00109251    0.09023478  0.00000000   -0.00163268  0.00006493
 -0.00217621  0.00295833   -0.00163268 -0.00006493    0.07115392 -0.00000000

     Dynamical  Matrix in cartesian axes

     q = (    0.125000000   0.375000000   2.318828664 ) 

    1    1
  0.09023478  0.00000000    0.00085996 -0.00109251    0.00163268  0.00006493
  0.00085996  0.00109251    0.08937389  0.00000000   -0.00217621  0.00295833
  0.00163268 -0.00006493   -0.00217621 -0.00295833    0.07115392  0.00000000
    1    2
  0.05706105 -0.02465718   -0.00196535 -0.00297206   -0.00479434 -0.00877606
 -0.00196535 -0.00297206   -0.02990282 -0.00461775    0.01830569 -0.02016377
 -0.00479434 -0.00877606    0.01830569 -0.02016377   -0.00096269 -0.00712679
    2    1
  0.05706105  0.02465718   -0.00196535  0.00297206   -0.00479434  0.00877606
 -0.00196535  0.00297206   -0.02990282  0.00461775    0.01830569  0.02016377
 -0.00479434  0.00877606    0.01830569  0.02016377   -0.00096269  0.00712679
    2    2
  0.09023478  0.00000000    0.00085996  0.00109251    0.00163268 -0.00006493
  0.00085996 -0.00109251    0.08937389  0.00000000   -0.00217621 -0.00295833
  0.00163268  0.00006493   -0.00217621  0.00295833    0.07115392 -0.00000000

     Dynamical  Matrix in cartesian axes

     q = (   -0.125000000  -0.375000000   2.318828664 ) 

    1    1
  0.09023478  0.00000000    0.00085996 -0.00109251   -0.00163268 -0.00006493
  0.00085996  0.00109251    0.08937389  0.00000000    0.00217621 -0.00295833
 -0.00163268  0.00006493    0.00217621  0.00295833    0.07115392 -0.00000000
    1    2
  0.05778352  0.02291300    0.00071185 -0.00349128   -0.00281550  0.00959572
  0.00071185 -0.00349128   -0.01787925 -0.02440972   -0.02720202  0.00131386
 -0.00281550  0.00959572   -0.02720202  0.00131386    0.00435868 -0.00572013
    2    1
  0.05778352 -0.02291300    0.00071185  0.00349128   -0.00281550 -0.00959572
  0.00071185  0.00349128   -0.01787925  0.02440972   -0.02720202 -0.00131386
 -0.00281550 -0.00959572   -0.02720202 -0.00131386    0.00435868  0.00572013
    2    2
  0.09023478  0.00000000    0.00085996  0.00109251   -0.00163268  0.00006493
  0.00085996 -0.00109251    0.08937389  0.00000000    0.00217621  0.00295833
 -0.00163268 -0.00006493    0.00217621 -0.00295833    0.07115392  0.00000000

     Dynamical  Matrix in cartesian axes

     q = (   -0.375000000  -0.125000000   2.318828664 ) 

    1    1
  0.08937389  0.00000000    0.00085996 -0.00109251    0.00217621  0.00295833
  0.00085996  0.00109251    0.09023478  0.00000000   -0.00163268  0.00006493
  0.00217621 -0.00295833   -0.00163268 -0.00006493    0.07115392  0.00000000
    1    2
  0.00461775  0.02990282    0.00297206  0.00196535   -0.02016377  0.01830569
  0.00297206  0.00196535    0.02465718 -0.05706105   -0.00877606 -0.00479434
 -0.02016377  0.01830569   -0.00877606 -0.00479434    0.00712679  0.00096269
    2    1
  0.00461775 -0.02990282    0.00297206 -0.00196535   -0.02016377 -0.01830569
  0.00297206 -0.00196535    0.02465718  0.05706105   -0.00877606  0.00479434
 -0.02016377 -0.01830569   -0.00877606  0.00479434    0.00712679 -0.00096269
    2    2
  0.08937389  0.00000000    0.00085996  0.00109251    0.00217621 -0.00295833
  0.00085996 -0.00109251    0.09023478  0.00000000   -0.00163268 -0.00006493
  0.00217621  0.00295833   -0.00163268  0.00006493    0.07115392 -0.00000000

     Diagonalizing the dynamical matrix

     q = (    0.125000000   0.375000000  -2.318828664 ) 

 **************************************************************************
     freq (    1) =       1.611028 [THz] =      53.738115 [cm-1]
 ( -0.116855 -0.680160 -0.019697  0.014878 -0.151874 -0.007225 ) 
 ( -0.149043  0.673839 -0.018967 -0.015798 -0.152045  0.000000 ) 
     freq (    2) =       1.938009 [THz] =      64.645032 [cm-1]
 (  0.080539 -0.029202  0.524497  0.191942 -0.135276  0.403016 ) 
 ( -0.053312  0.067060  0.015064  0.558312  0.425114  0.000000 ) 
     freq (    3) =       2.339451 [THz] =      78.035681 [cm-1]
 (  0.097426 -0.000892 -0.277285  0.111192  0.158377  0.613330 ) 
 ( -0.023495 -0.094555 -0.038333  0.296279 -0.633448  0.000000 ) 
     freq (    4) =       3.152997 [THz] =     105.172669 [cm-1]
 (  0.092726 -0.077492 -0.406796 -0.041480  0.344776  0.446456 ) 
 ( -0.004657  0.120754 -0.281469 -0.296612  0.564086  0.000000 ) 
     freq (    5) =       3.609480 [THz] =     120.399284 [cm-1]
 ( -0.026621  0.023647 -0.653407  0.060111 -0.206050 -0.160378 ) 
 (  0.006483  0.035012  0.478705  0.448771  0.261109  0.000000 ) 
     freq (    6) =       3.920942 [THz] =     130.788531 [cm-1]
 ( -0.385896 -0.584900 -0.016597 -0.012960 -0.064332  0.066287 ) 
 ( -0.150977 -0.684273  0.002258 -0.020936  0.092372  0.000000 ) 
 **************************************************************************
