Dynamical matrix file
                                                                           
  1    2  0 11.0780329  0.0000000  0.0000000  0.0000000  0.0000000  0.0000000
Basis vectors
      1.000000000    0.000000000    0.000000000
      0.000000000    1.000000000    0.000000000
      0.500000000    0.500000000    0.269532635
           1  'Sn  '    108197.54598352207     
    1    1      1.0000000000      1.2500000000      0.2021494763
    2    1      0.5000000000      0.2500000000      0.0673831588

     Dynamical  Matrix in cartesian axes

     q = (    0.250000000  -0.500000000   0.463765733 ) 

    1    1
  0.09199760  0.00000000   -0.00374070 -0.00301761    0.00153296 -0.00102625
 -0.00374070  0.00301761    0.08970013  0.00000000   -0.00173319  0.00018777
  0.00153296  0.00102625   -0.00173319 -0.00018777    0.07224668  0.00000000
    1    2
  0.03078881  0.03435741   -0.00313426  0.00258359    0.00809961 -0.01878149
 -0.00313426  0.00258359    0.00064706  0.00348735    0.02499322  0.00934662
  0.00809961 -0.01878149    0.02499322  0.00934662   -0.00127631  0.00171424
    2    1
  0.03078881 -0.03435741   -0.00313426 -0.00258359    0.00809961  0.01878149
 -0.00313426 -0.00258359    0.00064706 -0.00348735    0.02499322 -0.00934662
  0.00809961  0.01878149    0.02499322 -0.00934662   -0.00127631 -0.00171424
    2    2
  0.09199760  0.00000000   -0.00374070  0.00301761    0.00153296  0.00102625
 -0.00374070 -0.00301761    0.08970013  0.00000000   -0.00173319 -0.00018777
  0.00153296 -0.00102625   -0.00173319  0.00018777    0.07224668 -0.00000000

     Dynamical  Matrix in cartesian axes

     q = (   -0.500000000   0.250000000   0.463765733 ) 

    1    1
  0.08970013  0.00000000   -0.00374070 -0.00301761   -0.00173319 -0.00018777
 -0.00374070  0.00301761    0.09199760  0.00000000    0.00153296  0.00102625
 -0.00173319  0.00018777    0.00153296 -0.00102625    0.07224668 -0.00000000
    1    2
 -0.00348735 -0.00064706   -0.00258359  0.00313426   -0.00934662 -0.02499322
 -0.00258359  0.00313426   -0.03435741 -0.03078881    0.01878149 -0.00809961
 -0.00934662 -0.02499322    0.01878149 -0.00809961   -0.00171424  0.00127631
    2    1
 -0.00348735  0.00064706   -0.00258359 -0.00313426   -0.00934662  0.02499322
 -0.00258359 -0.00313426   -0.03435741  0.03078881    0.01878149  0.00809961
 -0.00934662  0.02499322    0.01878149  0.00809961   -0.00171424 -0.00127631
    2    2
  0.08970013  0.00000000   -0.00374070  0.00301761   -0.00173319  0.00018777
 -0.00374070 -0.00301761    0.09199760  0.00000000    0.00153296 -0.00102625
 -0.00173319 -0.00018777    0.00153296  0.00102625    0.07224668  0.00000000

     Dynamical  Matrix in cartesian axes

     q = (   -0.250000000   0.500000000   0.463765733 ) 

    1    1
  0.09199760  0.00000000   -0.00374070 -0.00301761   -0.00153296  0.00102625
 -0.00374070  0.00301761    0.08970013  0.00000000    0.00173319 -0.00018777
 -0.00153296 -0.00102625    0.00173319  0.00018777    0.07224668  0.00000000
    1    2
  0.03435741 -0.03078881    0.00258359  0.00313426    0.01878149  0.00809961
  0.00258359  0.00313426    0.00348735 -0.00064706   -0.00934662  0.02499322
  0.01878149  0.00809961   -0.00934662  0.02499322    0.00171424  0.00127631
    2    1
  0.03435741  0.03078881    0.00258359 -0.00313426    0.01878149 -0.00809961
  0.00258359 -0.00313426    0.00348735  0.00064706   -0.00934662 -0.02499322
  0.01878149 -0.00809961   -0.00934662 -0.02499322    0.00171424 -0.00127631
    2    2
  0.09199760  0.00000000   -0.00374070  0.00301761   -0.00153296 -0.00102625
 -0.00374070 -0.00301761    0.08970013  0.00000000    0.00173319  0.00018777
 -0.00153296  0.00102625    0.00173319 -0.00018777    0.07224668 -0.00000000

     Dynamical  Matrix in cartesian axes

     q = (    0.500000000  -0.250000000   0.463765733 ) 

    1    1
  0.08970013  0.00000000   -0.00374070 -0.00301761    0.00173319  0.00018777
 -0.00374070  0.00301761    0.09199760  0.00000000   -0.00153296 -0.00102625
  0.00173319 -0.00018777   -0.00153296  0.00102625    0.07224668 -0.00000000
    1    2
 -0.00348735 -0.00064706   -0.00258359  0.00313426    0.00934662  0.02499322
 -0.00258359  0.00313426   -0.03435741 -0.03078881   -0.01878149  0.00809961
  0.00934662  0.02499322   -0.01878149  0.00809961   -0.00171424  0.00127631
    2    1
 -0.00348735  0.00064706   -0.00258359 -0.00313426    0.00934662 -0.02499322
 -0.00258359 -0.00313426   -0.03435741  0.03078881   -0.01878149 -0.00809961
  0.00934662 -0.02499322   -0.01878149 -0.00809961   -0.00171424 -0.00127631
    2    2
  0.08970013  0.00000000   -0.00374070  0.00301761    0.00173319 -0.00018777
 -0.00374070 -0.00301761    0.09199760  0.00000000   -0.00153296  0.00102625
  0.00173319  0.00018777   -0.00153296 -0.00102625    0.07224668  0.00000000

     Dynamical  Matrix in cartesian axes

     q = (   -0.250000000  -0.500000000  -0.463765733 ) 

    1    1
  0.09199760  0.00000000    0.00374070 -0.00301761    0.00153296  0.00102625
  0.00374070  0.00301761    0.08970013  0.00000000    0.00173319  0.00018777
  0.00153296 -0.00102625    0.00173319 -0.00018777    0.07224668 -0.00000000
    1    2
  0.03078881 -0.03435741    0.00313426  0.00258359    0.00809961  0.01878149
  0.00313426  0.00258359    0.00064706 -0.00348735   -0.02499322  0.00934662
  0.00809961  0.01878149   -0.02499322  0.00934662   -0.00127631 -0.00171424
    2    1
  0.03078881  0.03435741    0.00313426 -0.00258359    0.00809961 -0.01878149
  0.00313426 -0.00258359    0.00064706  0.00348735   -0.02499322 -0.00934662
  0.00809961 -0.01878149   -0.02499322 -0.00934662   -0.00127631  0.00171424
    2    2
  0.09199760  0.00000000    0.00374070  0.00301761    0.00153296 -0.00102625
  0.00374070 -0.00301761    0.08970013  0.00000000    0.00173319 -0.00018777
  0.00153296  0.00102625    0.00173319  0.00018777    0.07224668  0.00000000

     Dynamical  Matrix in cartesian axes

     q = (    0.250000000   0.500000000  -0.463765733 ) 

    1    1
  0.09199760  0.00000000    0.00374070 -0.00301761   -0.00153296 -0.00102625
  0.00374070  0.00301761    0.08970013  0.00000000   -0.00173319 -0.00018777
 -0.00153296  0.00102625   -0.00173319  0.00018777    0.07224668 -0.00000000
    1    2
  0.03435741  0.03078881   -0.00258359  0.00313426    0.01878149 -0.00809961
 -0.00258359  0.00313426    0.00348735  0.00064706    0.00934662  0.02499322
  0.01878149 -0.00809961    0.00934662  0.02499322    0.00171424 -0.00127631
    2    1
  0.03435741 -0.03078881   -0.00258359 -0.00313426    0.01878149  0.00809961
 -0.00258359 -0.00313426    0.00348735 -0.00064706    0.00934662 -0.02499322
  0.01878149  0.00809961    0.00934662 -0.02499322    0.00171424  0.00127631
    2    2
  0.09199760  0.00000000    0.00374070  0.00301761   -0.00153296  0.00102625
  0.00374070 -0.00301761    0.08970013  0.00000000   -0.00173319  0.00018777
 -0.00153296 -0.00102625   -0.00173319 -0.00018777    0.07224668  0.00000000

     Dynamical  Matrix in cartesian axes

     q = (    0.500000000   0.250000000  -0.463765733 ) 

    1    1
  0.08970013  0.00000000    0.00374070 -0.00301761   -0.00173319  0.00018777
  0.00374070  0.00301761    0.09199760  0.00000000   -0.00153296  0.00102625
 -0.00173319 -0.00018777   -0.00153296 -0.00102625    0.07224668  0.00000000
    1    2
  0.00348735 -0.00064706   -0.00258359 -0.00313426    0.00934662 -0.02499322
 -0.00258359 -0.00313426    0.03435741 -0.03078881    0.01878149  0.00809961
  0.00934662 -0.02499322    0.01878149  0.00809961    0.00171424  0.00127631
    2    1
  0.00348735  0.00064706   -0.00258359  0.00313426    0.00934662  0.02499322
 -0.00258359  0.00313426    0.03435741  0.03078881    0.01878149 -0.00809961
  0.00934662  0.02499322    0.01878149 -0.00809961    0.00171424 -0.00127631
    2    2
  0.08970013  0.00000000    0.00374070  0.00301761   -0.00173319 -0.00018777
  0.00374070 -0.00301761    0.09199760  0.00000000   -0.00153296 -0.00102625
 -0.00173319  0.00018777   -0.00153296  0.00102625    0.07224668 -0.00000000

     Dynamical  Matrix in cartesian axes

     q = (   -0.500000000  -0.250000000  -0.463765733 ) 

    1    1
  0.08970013  0.00000000    0.00374070 -0.00301761    0.00173319 -0.00018777
  0.00374070  0.00301761    0.09199760  0.00000000    0.00153296 -0.00102625
  0.00173319  0.00018777    0.00153296  0.00102625    0.07224668  0.00000000
    1    2
  0.00348735 -0.00064706   -0.00258359 -0.00313426   -0.00934662  0.02499322
 -0.00258359 -0.00313426    0.03435741 -0.03078881   -0.01878149 -0.00809961
 -0.00934662  0.02499322   -0.01878149 -0.00809961    0.00171424  0.00127631
    2    1
  0.00348735  0.00064706   -0.00258359  0.00313426   -0.00934662 -0.02499322
 -0.00258359  0.00313426    0.03435741  0.03078881   -0.01878149  0.00809961
 -0.00934662 -0.02499322   -0.01878149  0.00809961    0.00171424 -0.00127631
    2    2
  0.08970013  0.00000000    0.00374070  0.00301761    0.00173319  0.00018777
  0.00374070 -0.00301761    0.09199760  0.00000000    0.00153296  0.00102625
  0.00173319 -0.00018777    0.00153296 -0.00102625    0.07224668 -0.00000000

     Dynamical  Matrix in cartesian axes

     q = (    0.250000000   0.500000000   0.463765733 ) 

    1    1
  0.09199760  0.00000000    0.00374070  0.00301761    0.00153296 -0.00102625
  0.00374070 -0.00301761    0.08970013  0.00000000    0.00173319 -0.00018777
  0.00153296  0.00102625    0.00173319  0.00018777    0.07224668  0.00000000
    1    2
  0.03078881  0.03435741    0.00313426 -0.00258359    0.00809961 -0.01878149
  0.00313426 -0.00258359    0.00064706  0.00348735   -0.02499322 -0.00934662
  0.00809961 -0.01878149   -0.02499322 -0.00934662   -0.00127631  0.00171424
    2    1
  0.03078881 -0.03435741    0.00313426  0.00258359    0.00809961  0.01878149
  0.00313426  0.00258359    0.00064706 -0.00348735   -0.02499322  0.00934662
  0.00809961  0.01878149   -0.02499322  0.00934662   -0.00127631 -0.00171424
    2    2
  0.09199760  0.00000000    0.00374070 -0.00301761    0.00153296  0.00102625
  0.00374070  0.00301761    0.08970013  0.00000000    0.00173319  0.00018777
  0.00153296 -0.00102625    0.00173319 -0.00018777    0.07224668 -0.00000000

     Dynamical  Matrix in cartesian axes

     q = (   -0.500000000  -0.250000000   0.463765733 ) 

    1    1
  0.08970013  0.00000000    0.00374070  0.00301761   -0.00173319 -0.00018777
  0.00374070 -0.00301761    0.09199760  0.00000000   -0.00153296 -0.00102625
 -0.00173319  0.00018777   -0.00153296  0.00102625    0.07224668 -0.00000000
    1    2
  0.00348735  0.00064706   -0.00258359  0.00313426    0.00934662  0.02499322
 -0.00258359  0.00313426    0.03435741  0.03078881    0.01878149 -0.00809961
  0.00934662  0.02499322    0.01878149 -0.00809961    0.00171424 -0.00127631
    2    1
  0.00348735 -0.00064706   -0.00258359 -0.00313426    0.00934662 -0.02499322
 -0.00258359 -0.00313426    0.03435741 -0.03078881    0.01878149  0.00809961
  0.00934662 -0.02499322    0.01878149  0.00809961    0.00171424  0.00127631
    2    2
  0.08970013  0.00000000    0.00374070 -0.00301761   -0.00173319  0.00018777
  0.00374070  0.00301761    0.09199760  0.00000000   -0.00153296  0.00102625
 -0.00173319 -0.00018777   -0.00153296 -0.00102625    0.07224668  0.00000000

     Dynamical  Matrix in cartesian axes

     q = (   -0.500000000   0.250000000  -0.463765733 ) 

    1    1
  0.08970013  0.00000000   -0.00374070  0.00301761    0.00173319 -0.00018777
 -0.00374070 -0.00301761    0.09199760  0.00000000   -0.00153296  0.00102625
  0.00173319  0.00018777   -0.00153296 -0.00102625    0.07224668  0.00000000
    1    2
 -0.00348735  0.00064706   -0.00258359 -0.00313426    0.00934662 -0.02499322
 -0.00258359 -0.00313426   -0.03435741  0.03078881   -0.01878149 -0.00809961
  0.00934662 -0.02499322   -0.01878149 -0.00809961   -0.00171424 -0.00127631
    2    1
 -0.00348735 -0.00064706   -0.00258359  0.00313426    0.00934662  0.02499322
 -0.00258359  0.00313426   -0.03435741 -0.03078881   -0.01878149  0.00809961
  0.00934662  0.02499322   -0.01878149  0.00809961   -0.00171424  0.00127631
    2    2
  0.08970013  0.00000000   -0.00374070 -0.00301761    0.00173319  0.00018777
 -0.00374070  0.00301761    0.09199760  0.00000000   -0.00153296 -0.00102625
  0.00173319 -0.00018777   -0.00153296  0.00102625    0.07224668 -0.00000000

     Dynamical  Matrix in cartesian axes

     q = (   -0.250000000  -0.500000000   0.463765733 ) 

    1    1
  0.09199760  0.00000000    0.00374070  0.00301761   -0.00153296  0.00102625
  0.00374070 -0.00301761    0.08970013  0.00000000   -0.00173319  0.00018777
 -0.00153296 -0.00102625   -0.00173319 -0.00018777    0.07224668  0.00000000
    1    2
  0.03435741 -0.03078881   -0.00258359 -0.00313426    0.01878149  0.00809961
 -0.00258359 -0.00313426    0.00348735 -0.00064706    0.00934662 -0.02499322
  0.01878149  0.00809961    0.00934662 -0.02499322    0.00171424  0.00127631
    2    1
  0.03435741  0.03078881   -0.00258359  0.00313426    0.01878149 -0.00809961
 -0.00258359  0.00313426    0.00348735  0.00064706    0.00934662  0.02499322
  0.01878149 -0.00809961    0.00934662  0.02499322    0.00171424 -0.00127631
    2    2
  0.09199760  0.00000000    0.00374070 -0.00301761   -0.00153296 -0.00102625
  0.00374070  0.00301761    0.08970013  0.00000000   -0.00173319 -0.00018777
 -0.00153296  0.00102625   -0.00173319  0.00018777    0.07224668 -0.00000000

     Dynamical  Matrix in cartesian axes

     q = (    0.500000000   0.250000000   0.463765733 ) 

    1    1
  0.08970013  0.00000000    0.00374070  0.00301761    0.00173319  0.00018777
  0.00374070 -0.00301761    0.09199760  0.00000000    0.00153296  0.00102625
  0.00173319 -0.00018777    0.00153296 -0.00102625    0.07224668 -0.00000000
    1    2
  0.00348735  0.00064706   -0.00258359  0.00313426   -0.00934662 -0.02499322
 -0.00258359  0.00313426    0.03435741  0.03078881   -0.01878149  0.00809961
 -0.00934662 -0.02499322   -0.01878149  0.00809961    0.00171424 -0.00127631
    2    1
  0.00348735 -0.00064706   -0.00258359 -0.00313426   -0.00934662  0.02499322
 -0.00258359 -0.00313426    0.03435741 -0.03078881   -0.01878149 -0.00809961
 -0.00934662  0.02499322   -0.01878149 -0.00809961    0.00171424  0.00127631
    2    2
  0.08970013  0.00000000    0.00374070 -0.00301761    0.00173319 -0.00018777
  0.00374070  0.00301761    0.09199760  0.00000000    0.00153296 -0.00102625
  0.00173319  0.00018777    0.00153296  0.00102625    0.07224668  0.00000000

     Dynamical  Matrix in cartesian axes

     q = (    0.250000000  -0.500000000  -0.463765733 ) 

    1    1
  0.09199760  0.00000000   -0.00374070  0.00301761   -0.00153296 -0.00102625
 -0.00374070 -0.00301761    0.08970013  0.00000000    0.00173319  0.00018777
 -0.00153296  0.00102625    0.00173319 -0.00018777    0.07224668 -0.00000000
    1    2
  0.03435741  0.03078881    0.00258359 -0.00313426    0.01878149 -0.00809961
  0.00258359 -0.00313426    0.00348735  0.00064706   -0.00934662 -0.02499322
  0.01878149 -0.00809961   -0.00934662 -0.02499322    0.00171424 -0.00127631
    2    1
  0.03435741 -0.03078881    0.00258359  0.00313426    0.01878149  0.00809961
  0.00258359  0.00313426    0.00348735 -0.00064706   -0.00934662  0.02499322
  0.01878149  0.00809961   -0.00934662  0.02499322    0.00171424  0.00127631
    2    2
  0.09199760  0.00000000   -0.00374070 -0.00301761   -0.00153296  0.00102625
 -0.00374070  0.00301761    0.08970013  0.00000000    0.00173319 -0.00018777
 -0.00153296 -0.00102625    0.00173319  0.00018777    0.07224668  0.00000000

     Dynamical  Matrix in cartesian axes

     q = (   -0.250000000   0.500000000  -0.463765733 ) 

    1    1
  0.09199760  0.00000000   -0.00374070  0.00301761    0.00153296  0.00102625
 -0.00374070 -0.00301761    0.08970013  0.00000000   -0.00173319 -0.00018777
  0.00153296 -0.00102625   -0.00173319  0.00018777    0.07224668 -0.00000000
    1    2
  0.03078881 -0.03435741   -0.00313426 -0.00258359    0.00809961  0.01878149
 -0.00313426 -0.00258359    0.00064706 -0.00348735    0.02499322 -0.00934662
  0.00809961  0.01878149    0.02499322 -0.00934662   -0.00127631 -0.00171424
    2    1
  0.03078881  0.03435741   -0.00313426  0.00258359    0.00809961 -0.01878149
 -0.00313426  0.00258359    0.00064706  0.00348735    0.02499322  0.00934662
  0.00809961 -0.01878149    0.02499322  0.00934662   -0.00127631  0.00171424
    2    2
  0.09199760  0.00000000   -0.00374070 -0.00301761    0.00153296 -0.00102625
 -0.00374070  0.00301761    0.08970013  0.00000000   -0.00173319  0.00018777
  0.00153296  0.00102625   -0.00173319 -0.00018777    0.07224668  0.00000000

     Dynamical  Matrix in cartesian axes

     q = (    0.500000000  -0.250000000  -0.463765733 ) 

    1    1
  0.08970013  0.00000000   -0.00374070  0.00301761   -0.00173319  0.00018777
 -0.00374070 -0.00301761    0.09199760  0.00000000    0.00153296 -0.00102625
 -0.00173319 -0.00018777    0.00153296  0.00102625    0.07224668  0.00000000
    1    2
 -0.00348735  0.00064706   -0.00258359 -0.00313426   -0.00934662  0.02499322
 -0.00258359 -0.00313426   -0.03435741  0.03078881    0.01878149  0.00809961
 -0.00934662  0.02499322    0.01878149  0.00809961   -0.00171424 -0.00127631
    2    1
 -0.00348735 -0.00064706   -0.00258359  0.00313426   -0.00934662 -0.02499322
 -0.00258359  0.00313426   -0.03435741 -0.03078881    0.01878149 -0.00809961
 -0.00934662 -0.02499322    0.01878149 -0.00809961   -0.00171424  0.00127631
    2    2
  0.08970013  0.00000000   -0.00374070 -0.00301761   -0.00173319 -0.00018777
 -0.00374070  0.00301761    0.09199760  0.00000000    0.00153296  0.00102625
 -0.00173319  0.00018777    0.00153296 -0.00102625    0.07224668 -0.00000000

     Diagonalizing the dynamical matrix

     q = (    0.250000000  -0.500000000   0.463765733 ) 

 **************************************************************************
     freq (    1) =       1.715662 [THz] =      57.228308 [cm-1]
 (  0.208689 -0.515344  0.172319  0.026760 -0.397389  0.050414 ) 
 (  0.271888  0.484982  0.167581 -0.048234 -0.400574  0.000000 ) 
     freq (    2) =       2.229174 [THz] =      74.357252 [cm-1]
 (  0.082464 -0.057378  0.384895  0.153937  0.558085  0.081284 ) 
 ( -0.073334 -0.068664 -0.403063  0.096856 -0.563974  0.000000 ) 
     freq (    3) =       2.619230 [THz] =      87.368108 [cm-1]
 ( -0.199187  0.363162  0.376201  0.154391 -0.390653 -0.102292 ) 
 ( -0.100699 -0.401774  0.403040 -0.054060 -0.403824  0.000000 ) 
     freq (    4) =       3.176469 [THz] =     105.955607 [cm-1]
 ( -0.022236 -0.279105 -0.519537 -0.115505  0.241298 -0.283058 ) 
 ( -0.197976 -0.197988  0.249142 -0.470306 -0.371949  0.000000 ) 
     freq (    5) =       3.348850 [THz] =     111.705605 [cm-1]
 ( -0.029734 -0.138005  0.511175  0.230758  0.348756 -0.209500 ) 
 (  0.045576  0.133613  0.319366 -0.461036  0.406843  0.000000 ) 
     freq (    6) =       3.837521 [THz] =     128.005930 [cm-1]
 (  0.229070 -0.598680  0.157616  0.098656 -0.232662  0.020036 ) 
 ( -0.279592 -0.576819 -0.148570  0.111816  0.233523 -0.000000 ) 
 **************************************************************************
