Dynamical matrix file
                                                                           
  1    2  0 11.0780329  0.0000000  0.0000000  0.0000000  0.0000000  0.0000000
Basis vectors
      1.000000000    0.000000000    0.000000000
      0.000000000    1.000000000    0.000000000
      0.500000000    0.500000000    0.269532635
           1  'Sn  '    108197.54598352207     
    1    1      1.0000000000      1.2500000000      0.2021494763
    2    1      0.5000000000      0.2500000000      0.0673831588

     Dynamical  Matrix in cartesian axes

     q = (    0.375000000  -0.500000000   0.695648599 ) 

    1    1
  0.07399730  0.00000000   -0.00392955 -0.00203937   -0.00422409  0.00126624
 -0.00392955  0.00203937    0.08150835  0.00000000   -0.00545425  0.00120112
 -0.00422409 -0.00126624   -0.00545425 -0.00120112    0.09803348 -0.00000000
    1    2
  0.00236978  0.01390580   -0.00417761 -0.00048270    0.02030059 -0.01874150
 -0.00417761 -0.00048270   -0.00216358 -0.00071318    0.02001176  0.02922896
  0.02030059 -0.01874150    0.02001176  0.02922896   -0.00382347  0.00081773
    2    1
  0.00236978 -0.01390580   -0.00417761  0.00048270    0.02030059  0.01874150
 -0.00417761  0.00048270   -0.00216358  0.00071318    0.02001176 -0.02922896
  0.02030059  0.01874150    0.02001176 -0.02922896   -0.00382347 -0.00081773
    2    2
  0.07399730  0.00000000   -0.00392955  0.00203937   -0.00422409 -0.00126624
 -0.00392955 -0.00203937    0.08150835  0.00000000   -0.00545425 -0.00120112
 -0.00422409  0.00126624   -0.00545425  0.00120112    0.09803348  0.00000000

     Dynamical  Matrix in cartesian axes

     q = (   -0.500000000   0.375000000   0.695648599 ) 

    1    1
  0.08150835  0.00000000   -0.00392955 -0.00203937   -0.00545425 -0.00120112
 -0.00392955  0.00203937    0.07399730  0.00000000   -0.00422409 -0.00126624
 -0.00545425  0.00120112   -0.00422409  0.00126624    0.09803348  0.00000000
    1    2
 -0.00216358  0.00071318   -0.00417761  0.00048270    0.02001176 -0.02922896
 -0.00417761  0.00048270    0.00236978 -0.01390580    0.02030059  0.01874150
  0.02001176 -0.02922896    0.02030059  0.01874150   -0.00382347 -0.00081773
    2    1
 -0.00216358 -0.00071318   -0.00417761 -0.00048270    0.02001176  0.02922896
 -0.00417761 -0.00048270    0.00236978  0.01390580    0.02030059 -0.01874150
  0.02001176  0.02922896    0.02030059 -0.01874150   -0.00382347  0.00081773
    2    2
  0.08150835  0.00000000   -0.00392955  0.00203937   -0.00545425  0.00120112
 -0.00392955 -0.00203937    0.07399730  0.00000000   -0.00422409  0.00126624
 -0.00545425 -0.00120112   -0.00422409 -0.00126624    0.09803348 -0.00000000

     Dynamical  Matrix in cartesian axes

     q = (   -0.375000000   0.500000000   0.695648599 ) 

    1    1
  0.07399730  0.00000000   -0.00392955 -0.00203937    0.00422409 -0.00126624
 -0.00392955  0.00203937    0.08150835  0.00000000    0.00545425 -0.00120112
  0.00422409  0.00126624    0.00545425  0.00120112    0.09803348 -0.00000000
    1    2
  0.00815719 -0.01150857    0.00261270  0.00329534    0.02760693  0.00110244
  0.00261270  0.00329534    0.00102559  0.00203417   -0.00651755  0.03481845
  0.02760693  0.00110244   -0.00651755  0.03481845    0.00328182  0.00212537
    2    1
  0.00815719  0.01150857    0.00261270 -0.00329534    0.02760693 -0.00110244
  0.00261270 -0.00329534    0.00102559 -0.00203417   -0.00651755 -0.03481845
  0.02760693 -0.00110244   -0.00651755 -0.03481845    0.00328182 -0.00212537
    2    2
  0.07399730  0.00000000   -0.00392955  0.00203937    0.00422409  0.00126624
 -0.00392955 -0.00203937    0.08150835  0.00000000    0.00545425  0.00120112
  0.00422409 -0.00126624    0.00545425 -0.00120112    0.09803348  0.00000000

     Dynamical  Matrix in cartesian axes

     q = (    0.500000000  -0.375000000   0.695648599 ) 

    1    1
  0.08150835  0.00000000   -0.00392955 -0.00203937    0.00545425  0.00120112
 -0.00392955  0.00203937    0.07399730  0.00000000    0.00422409  0.00126624
  0.00545425 -0.00120112    0.00422409 -0.00126624    0.09803348  0.00000000
    1    2
  0.00071318  0.00216358    0.00048270  0.00417761    0.02922896  0.02001176
  0.00048270  0.00417761   -0.01390580 -0.00236978   -0.01874150  0.02030059
  0.02922896  0.02001176   -0.01874150  0.02030059   -0.00081773  0.00382347
    2    1
  0.00071318 -0.00216358    0.00048270 -0.00417761    0.02922896 -0.02001176
  0.00048270 -0.00417761   -0.01390580  0.00236978   -0.01874150 -0.02030059
  0.02922896 -0.02001176   -0.01874150 -0.02030059   -0.00081773 -0.00382347
    2    2
  0.08150835  0.00000000   -0.00392955  0.00203937    0.00545425 -0.00120112
 -0.00392955 -0.00203937    0.07399730  0.00000000    0.00422409 -0.00126624
  0.00545425  0.00120112    0.00422409  0.00126624    0.09803348 -0.00000000

     Dynamical  Matrix in cartesian axes

     q = (   -0.375000000  -0.500000000  -0.695648599 ) 

    1    1
  0.07399730  0.00000000    0.00392955 -0.00203937   -0.00422409 -0.00126624
  0.00392955  0.00203937    0.08150835  0.00000000    0.00545425  0.00120112
 -0.00422409  0.00126624    0.00545425 -0.00120112    0.09803348  0.00000000
    1    2
  0.00236978 -0.01390580    0.00417761 -0.00048270    0.02030059  0.01874150
  0.00417761 -0.00048270   -0.00216358  0.00071318   -0.02001176  0.02922896
  0.02030059  0.01874150   -0.02001176  0.02922896   -0.00382347 -0.00081773
    2    1
  0.00236978  0.01390580    0.00417761  0.00048270    0.02030059 -0.01874150
  0.00417761  0.00048270   -0.00216358 -0.00071318   -0.02001176 -0.02922896
  0.02030059 -0.01874150   -0.02001176 -0.02922896   -0.00382347  0.00081773
    2    2
  0.07399730  0.00000000    0.00392955  0.00203937   -0.00422409  0.00126624
  0.00392955 -0.00203937    0.08150835  0.00000000    0.00545425 -0.00120112
 -0.00422409 -0.00126624    0.00545425  0.00120112    0.09803348 -0.00000000

     Dynamical  Matrix in cartesian axes

     q = (    0.375000000   0.500000000  -0.695648599 ) 

    1    1
  0.07399730  0.00000000    0.00392955 -0.00203937    0.00422409  0.00126624
  0.00392955  0.00203937    0.08150835  0.00000000   -0.00545425 -0.00120112
  0.00422409 -0.00126624   -0.00545425  0.00120112    0.09803348  0.00000000
    1    2
  0.00815719  0.01150857   -0.00261270  0.00329534    0.02760693 -0.00110244
 -0.00261270  0.00329534    0.00102559 -0.00203417    0.00651755  0.03481845
  0.02760693 -0.00110244    0.00651755  0.03481845    0.00328182 -0.00212537
    2    1
  0.00815719 -0.01150857   -0.00261270 -0.00329534    0.02760693  0.00110244
 -0.00261270 -0.00329534    0.00102559  0.00203417    0.00651755 -0.03481845
  0.02760693  0.00110244    0.00651755 -0.03481845    0.00328182  0.00212537
    2    2
  0.07399730  0.00000000    0.00392955  0.00203937    0.00422409 -0.00126624
  0.00392955 -0.00203937    0.08150835  0.00000000   -0.00545425  0.00120112
  0.00422409  0.00126624   -0.00545425 -0.00120112    0.09803348 -0.00000000

     Dynamical  Matrix in cartesian axes

     q = (    0.500000000   0.375000000  -0.695648599 ) 

    1    1
  0.08150835  0.00000000    0.00392955 -0.00203937   -0.00545425  0.00120112
  0.00392955  0.00203937    0.07399730  0.00000000    0.00422409 -0.00126624
 -0.00545425 -0.00120112    0.00422409  0.00126624    0.09803348 -0.00000000
    1    2
 -0.00071318  0.00216358    0.00048270 -0.00417761    0.02922896 -0.02001176
  0.00048270 -0.00417761    0.01390580 -0.00236978    0.01874150  0.02030059
  0.02922896 -0.02001176    0.01874150  0.02030059    0.00081773  0.00382347
    2    1
 -0.00071318 -0.00216358    0.00048270  0.00417761    0.02922896  0.02001176
  0.00048270  0.00417761    0.01390580  0.00236978    0.01874150 -0.02030059
  0.02922896  0.02001176    0.01874150 -0.02030059    0.00081773 -0.00382347
    2    2
  0.08150835  0.00000000    0.00392955  0.00203937   -0.00545425 -0.00120112
  0.00392955 -0.00203937    0.07399730  0.00000000    0.00422409  0.00126624
 -0.00545425  0.00120112    0.00422409 -0.00126624    0.09803348  0.00000000

     Dynamical  Matrix in cartesian axes

     q = (   -0.500000000  -0.375000000  -0.695648599 ) 

    1    1
  0.08150835  0.00000000    0.00392955 -0.00203937    0.00545425 -0.00120112
  0.00392955  0.00203937    0.07399730  0.00000000   -0.00422409  0.00126624
  0.00545425  0.00120112   -0.00422409 -0.00126624    0.09803348 -0.00000000
    1    2
  0.00216358  0.00071318   -0.00417761 -0.00048270    0.02001176  0.02922896
 -0.00417761 -0.00048270   -0.00236978 -0.01390580   -0.02030059  0.01874150
  0.02001176  0.02922896   -0.02030059  0.01874150    0.00382347 -0.00081773
    2    1
  0.00216358 -0.00071318   -0.00417761  0.00048270    0.02001176 -0.02922896
 -0.00417761  0.00048270   -0.00236978  0.01390580   -0.02030059 -0.01874150
  0.02001176 -0.02922896   -0.02030059 -0.01874150    0.00382347  0.00081773
    2    2
  0.08150835  0.00000000    0.00392955  0.00203937    0.00545425  0.00120112
  0.00392955 -0.00203937    0.07399730  0.00000000   -0.00422409 -0.00126624
  0.00545425 -0.00120112   -0.00422409  0.00126624    0.09803348  0.00000000

     Dynamical  Matrix in cartesian axes

     q = (    0.375000000   0.500000000   0.695648599 ) 

    1    1
  0.07399730  0.00000000    0.00392955  0.00203937   -0.00422409  0.00126624
  0.00392955 -0.00203937    0.08150835  0.00000000    0.00545425 -0.00120112
 -0.00422409 -0.00126624    0.00545425  0.00120112    0.09803348 -0.00000000
    1    2
  0.00236978  0.01390580    0.00417761  0.00048270    0.02030059 -0.01874150
  0.00417761  0.00048270   -0.00216358 -0.00071318   -0.02001176 -0.02922896
  0.02030059 -0.01874150   -0.02001176 -0.02922896   -0.00382347  0.00081773
    2    1
  0.00236978 -0.01390580    0.00417761 -0.00048270    0.02030059  0.01874150
  0.00417761 -0.00048270   -0.00216358  0.00071318   -0.02001176  0.02922896
  0.02030059  0.01874150   -0.02001176  0.02922896   -0.00382347 -0.00081773
    2    2
  0.07399730  0.00000000    0.00392955 -0.00203937   -0.00422409 -0.00126624
  0.00392955  0.00203937    0.08150835  0.00000000    0.00545425  0.00120112
 -0.00422409  0.00126624    0.00545425 -0.00120112    0.09803348  0.00000000

     Dynamical  Matrix in cartesian axes

     q = (   -0.500000000  -0.375000000   0.695648599 ) 

    1    1
  0.08150835  0.00000000    0.00392955  0.00203937   -0.00545425 -0.00120112
  0.00392955 -0.00203937    0.07399730  0.00000000    0.00422409  0.00126624
 -0.00545425  0.00120112    0.00422409 -0.00126624    0.09803348  0.00000000
    1    2
 -0.00071318 -0.00216358    0.00048270  0.00417761    0.02922896  0.02001176
  0.00048270  0.00417761    0.01390580  0.00236978    0.01874150 -0.02030059
  0.02922896  0.02001176    0.01874150 -0.02030059    0.00081773 -0.00382347
    2    1
 -0.00071318  0.00216358    0.00048270 -0.00417761    0.02922896 -0.02001176
  0.00048270 -0.00417761    0.01390580 -0.00236978    0.01874150  0.02030059
  0.02922896 -0.02001176    0.01874150  0.02030059    0.00081773  0.00382347
    2    2
  0.08150835  0.00000000    0.00392955 -0.00203937   -0.00545425  0.00120112
  0.00392955  0.00203937    0.07399730  0.00000000    0.00422409 -0.00126624
 -0.00545425 -0.00120112    0.00422409  0.00126624    0.09803348 -0.00000000

     Dynamical  Matrix in cartesian axes

     q = (   -0.500000000   0.375000000  -0.695648599 ) 

    1    1
  0.08150835  0.00000000   -0.00392955  0.00203937    0.00545425 -0.00120112
 -0.00392955 -0.00203937    0.07399730  0.00000000    0.00422409 -0.00126624
  0.00545425  0.00120112    0.00422409  0.00126624    0.09803348 -0.00000000
    1    2
  0.00071318 -0.00216358    0.00048270 -0.00417761    0.02922896 -0.02001176
  0.00048270 -0.00417761   -0.01390580  0.00236978   -0.01874150 -0.02030059
  0.02922896 -0.02001176   -0.01874150 -0.02030059   -0.00081773 -0.00382347
    2    1
  0.00071318  0.00216358    0.00048270  0.00417761    0.02922896  0.02001176
  0.00048270  0.00417761   -0.01390580 -0.00236978   -0.01874150  0.02030059
  0.02922896  0.02001176   -0.01874150  0.02030059   -0.00081773  0.00382347
    2    2
  0.08150835  0.00000000   -0.00392955 -0.00203937    0.00545425  0.00120112
 -0.00392955  0.00203937    0.07399730  0.00000000    0.00422409  0.00126624
  0.00545425 -0.00120112    0.00422409 -0.00126624    0.09803348  0.00000000

     Dynamical  Matrix in cartesian axes

     q = (   -0.375000000  -0.500000000   0.695648599 ) 

    1    1
  0.07399730  0.00000000    0.00392955  0.00203937    0.00422409 -0.00126624
  0.00392955 -0.00203937    0.08150835  0.00000000   -0.00545425  0.00120112
  0.00422409  0.00126624   -0.00545425 -0.00120112    0.09803348 -0.00000000
    1    2
  0.00815719 -0.01150857   -0.00261270 -0.00329534    0.02760693  0.00110244
 -0.00261270 -0.00329534    0.00102559  0.00203417    0.00651755 -0.03481845
  0.02760693  0.00110244    0.00651755 -0.03481845    0.00328182  0.00212537
    2    1
  0.00815719  0.01150857   -0.00261270  0.00329534    0.02760693 -0.00110244
 -0.00261270  0.00329534    0.00102559 -0.00203417    0.00651755  0.03481845
  0.02760693 -0.00110244    0.00651755  0.03481845    0.00328182 -0.00212537
    2    2
  0.07399730  0.00000000    0.00392955 -0.00203937    0.00422409  0.00126624
  0.00392955  0.00203937    0.08150835  0.00000000   -0.00545425 -0.00120112
  0.00422409 -0.00126624   -0.00545425  0.00120112    0.09803348  0.00000000

     Dynamical  Matrix in cartesian axes

     q = (    0.500000000   0.375000000   0.695648599 ) 

    1    1
  0.08150835  0.00000000    0.00392955  0.00203937    0.00545425  0.00120112
  0.00392955 -0.00203937    0.07399730  0.00000000   -0.00422409 -0.00126624
  0.00545425 -0.00120112   -0.00422409  0.00126624    0.09803348  0.00000000
    1    2
  0.00216358 -0.00071318   -0.00417761  0.00048270    0.02001176 -0.02922896
 -0.00417761  0.00048270   -0.00236978  0.01390580   -0.02030059 -0.01874150
  0.02001176 -0.02922896   -0.02030059 -0.01874150    0.00382347  0.00081773
    2    1
  0.00216358  0.00071318   -0.00417761 -0.00048270    0.02001176  0.02922896
 -0.00417761 -0.00048270   -0.00236978 -0.01390580   -0.02030059  0.01874150
  0.02001176  0.02922896   -0.02030059  0.01874150    0.00382347 -0.00081773
    2    2
  0.08150835  0.00000000    0.00392955 -0.00203937    0.00545425 -0.00120112
  0.00392955  0.00203937    0.07399730  0.00000000   -0.00422409  0.00126624
  0.00545425  0.00120112   -0.00422409 -0.00126624    0.09803348 -0.00000000

     Dynamical  Matrix in cartesian axes

     q = (    0.375000000  -0.500000000  -0.695648599 ) 

    1    1
  0.07399730  0.00000000   -0.00392955  0.00203937    0.00422409  0.00126624
 -0.00392955 -0.00203937    0.08150835  0.00000000    0.00545425  0.00120112
  0.00422409 -0.00126624    0.00545425 -0.00120112    0.09803348  0.00000000
    1    2
  0.00815719  0.01150857    0.00261270 -0.00329534    0.02760693 -0.00110244
  0.00261270 -0.00329534    0.00102559 -0.00203417   -0.00651755 -0.03481845
  0.02760693 -0.00110244   -0.00651755 -0.03481845    0.00328182 -0.00212537
    2    1
  0.00815719 -0.01150857    0.00261270  0.00329534    0.02760693  0.00110244
  0.00261270  0.00329534    0.00102559  0.00203417   -0.00651755  0.03481845
  0.02760693  0.00110244   -0.00651755  0.03481845    0.00328182  0.00212537
    2    2
  0.07399730  0.00000000   -0.00392955 -0.00203937    0.00422409 -0.00126624
 -0.00392955  0.00203937    0.08150835  0.00000000    0.00545425 -0.00120112
  0.00422409  0.00126624    0.00545425  0.00120112    0.09803348 -0.00000000

     Dynamical  Matrix in cartesian axes

     q = (   -0.375000000   0.500000000  -0.695648599 ) 

    1    1
  0.07399730  0.00000000   -0.00392955  0.00203937   -0.00422409 -0.00126624
 -0.00392955 -0.00203937    0.08150835  0.00000000   -0.00545425 -0.00120112
 -0.00422409  0.00126624   -0.00545425  0.00120112    0.09803348  0.00000000
    1    2
  0.00236978 -0.01390580   -0.00417761  0.00048270    0.02030059  0.01874150
 -0.00417761  0.00048270   -0.00216358  0.00071318    0.02001176 -0.02922896
  0.02030059  0.01874150    0.02001176 -0.02922896   -0.00382347 -0.00081773
    2    1
  0.00236978  0.01390580   -0.00417761 -0.00048270    0.02030059 -0.01874150
 -0.00417761 -0.00048270   -0.00216358 -0.00071318    0.02001176  0.02922896
  0.02030059 -0.01874150    0.02001176  0.02922896   -0.00382347  0.00081773
    2    2
  0.07399730  0.00000000   -0.00392955 -0.00203937   -0.00422409  0.00126624
 -0.00392955  0.00203937    0.08150835  0.00000000   -0.00545425  0.00120112
 -0.00422409 -0.00126624   -0.00545425 -0.00120112    0.09803348 -0.00000000

     Dynamical  Matrix in cartesian axes

     q = (    0.500000000  -0.375000000  -0.695648599 ) 

    1    1
  0.08150835  0.00000000   -0.00392955  0.00203937   -0.00545425  0.00120112
 -0.00392955 -0.00203937    0.07399730  0.00000000   -0.00422409  0.00126624
 -0.00545425 -0.00120112   -0.00422409 -0.00126624    0.09803348 -0.00000000
    1    2
 -0.00216358 -0.00071318   -0.00417761 -0.00048270    0.02001176  0.02922896
 -0.00417761 -0.00048270    0.00236978  0.01390580    0.02030059 -0.01874150
  0.02001176  0.02922896    0.02030059 -0.01874150   -0.00382347  0.00081773
    2    1
 -0.00216358  0.00071318   -0.00417761  0.00048270    0.02001176 -0.02922896
 -0.00417761  0.00048270    0.00236978 -0.01390580    0.02030059  0.01874150
  0.02001176 -0.02922896    0.02030059  0.01874150   -0.00382347 -0.00081773
    2    2
  0.08150835  0.00000000   -0.00392955 -0.00203937   -0.00545425 -0.00120112
 -0.00392955  0.00203937    0.07399730  0.00000000   -0.00422409 -0.00126624
 -0.00545425  0.00120112   -0.00422409  0.00126624    0.09803348  0.00000000

     Diagonalizing the dynamical matrix

     q = (    0.375000000  -0.500000000   0.695648599 ) 

 **************************************************************************
     freq (    1) =       1.972556 [THz] =      65.797370 [cm-1]
 ( -0.336272  0.340918 -0.194143 -0.266498  0.402169  0.015584 ) 
 ( -0.322820 -0.353683 -0.204317  0.258781  0.402471  0.000000 ) 
     freq (    2) =       2.118149 [THz] =      70.653843 [cm-1]
 (  0.293439 -0.066252  0.293809  0.334872  0.435807  0.145307 ) 
 ( -0.257418 -0.155666 -0.384645  0.224747 -0.459392  0.000000 ) 
     freq (    3) =       2.676370 [THz] =      89.274091 [cm-1]
 ( -0.407768  0.194033  0.275176  0.438203 -0.082537 -0.146696 ) 
 ( -0.030846 -0.450525  0.516838  0.024948 -0.168322  0.000000 ) 
     freq (    4) =       2.803615 [THz] =      93.518514 [cm-1]
 (  0.185137  0.544136  0.382299 -0.040553  0.013905  0.147139 ) 
 (  0.559141  0.133121 -0.004404  0.384419  0.147795  0.000000 ) 
     freq (    5) =       3.560898 [THz] =     118.778760 [cm-1]
 (  0.087779 -0.195651  0.159981  0.356590  0.517667  0.182443 ) 
 (  0.017755  0.213704  0.269413 -0.283138  0.548876  0.000000 ) 
     freq (    6) =       3.826563 [THz] =     127.640404 [cm-1]
 (  0.239972 -0.205781  0.219306  0.276472 -0.498631 -0.164020 ) 
 ( -0.163656 -0.270461 -0.294715  0.194102  0.524914  0.000000 ) 
 **************************************************************************
