Dynamical matrix file
                                                                           
  1    2  0 11.0780329  0.0000000  0.0000000  0.0000000  0.0000000  0.0000000
Basis vectors
      1.000000000    0.000000000    0.000000000
      0.000000000    1.000000000    0.000000000
      0.500000000    0.500000000    0.269532635
           1  'Sn  '    108197.54598352207     
    1    1      1.0000000000      1.2500000000      0.2021494763
    2    1      0.5000000000      0.2500000000      0.0673831588

     Dynamical  Matrix in cartesian axes

     q = (    0.000000000   0.250000000  -2.318828664 ) 

    1    1
  0.09192591  0.00000000    0.00000000  0.00000000    0.00000000  0.00000000
  0.00000000  0.00000000    0.09850544  0.00000000    0.00420137 -0.00067460
  0.00000000  0.00000000    0.00420137  0.00067460    0.07513428  0.00000000
    1    2
 -0.00693345 -0.08371474    0.00000000  0.00000000    0.00000000  0.00000000
  0.00000000  0.00000000    0.03432778  0.04068949   -0.01284575  0.02085452
  0.00000000  0.00000000   -0.01284575  0.02085452   -0.00007561 -0.00301146
    2    1
 -0.00693345  0.08371474    0.00000000  0.00000000    0.00000000  0.00000000
  0.00000000  0.00000000    0.03432778 -0.04068949   -0.01284575 -0.02085452
  0.00000000  0.00000000   -0.01284575 -0.02085452   -0.00007561  0.00301146
    2    2
  0.09192591  0.00000000    0.00000000  0.00000000    0.00000000  0.00000000
  0.00000000  0.00000000    0.09850544  0.00000000    0.00420137  0.00067460
  0.00000000  0.00000000    0.00420137 -0.00067460    0.07513428  0.00000000

     Dynamical  Matrix in cartesian axes

     q = (    0.000000000  -0.250000000  -2.318828664 ) 

    1    1
  0.09192591  0.00000000    0.00000000  0.00000000    0.00000000  0.00000000
  0.00000000  0.00000000    0.09850544  0.00000000   -0.00420137  0.00067460
  0.00000000  0.00000000   -0.00420137 -0.00067460    0.07513428  0.00000000
    1    2
  0.00693345  0.08371474    0.00000000  0.00000000    0.00000000  0.00000000
  0.00000000  0.00000000   -0.03432778 -0.04068949   -0.01284575  0.02085452
  0.00000000  0.00000000   -0.01284575  0.02085452    0.00007561  0.00301146
    2    1
  0.00693345 -0.08371474    0.00000000  0.00000000    0.00000000  0.00000000
  0.00000000  0.00000000   -0.03432778  0.04068949   -0.01284575 -0.02085452
  0.00000000  0.00000000   -0.01284575 -0.02085452    0.00007561 -0.00301146
    2    2
  0.09192591  0.00000000    0.00000000  0.00000000    0.00000000  0.00000000
  0.00000000  0.00000000    0.09850544  0.00000000   -0.00420137 -0.00067460
  0.00000000  0.00000000   -0.00420137  0.00067460    0.07513428  0.00000000

     Dynamical  Matrix in cartesian axes

     q = (   -0.250000000   0.000000000  -2.318828664 ) 

    1    1
  0.09850544  0.00000000    0.00000000  0.00000000   -0.00420137 -0.00067460
  0.00000000  0.00000000    0.09192591  0.00000000    0.00000000  0.00000000
 -0.00420137  0.00067460    0.00000000  0.00000000    0.07513428  0.00000000
    1    2
 -0.03432778  0.04068949    0.00000000  0.00000000   -0.01284575 -0.02085452
  0.00000000  0.00000000    0.00693345 -0.08371474    0.00000000  0.00000000
 -0.01284575 -0.02085452    0.00000000  0.00000000    0.00007561 -0.00301146
    2    1
 -0.03432778 -0.04068949    0.00000000  0.00000000   -0.01284575  0.02085452
  0.00000000  0.00000000    0.00693345  0.08371474    0.00000000  0.00000000
 -0.01284575  0.02085452    0.00000000  0.00000000    0.00007561  0.00301146
    2    2
  0.09850544  0.00000000    0.00000000  0.00000000   -0.00420137  0.00067460
  0.00000000  0.00000000    0.09192591  0.00000000    0.00000000  0.00000000
 -0.00420137 -0.00067460    0.00000000  0.00000000    0.07513428  0.00000000

     Dynamical  Matrix in cartesian axes

     q = (    0.000000000   0.250000000   2.318828664 ) 

    1    1
  0.09192591  0.00000000    0.00000000  0.00000000    0.00000000  0.00000000
  0.00000000  0.00000000    0.09850544  0.00000000   -0.00420137 -0.00067460
  0.00000000  0.00000000   -0.00420137  0.00067460    0.07513428  0.00000000
    1    2
  0.00693345 -0.08371474    0.00000000  0.00000000    0.00000000  0.00000000
  0.00000000  0.00000000   -0.03432778  0.04068949   -0.01284575 -0.02085452
  0.00000000  0.00000000   -0.01284575 -0.02085452    0.00007561 -0.00301146
    2    1
  0.00693345  0.08371474    0.00000000  0.00000000    0.00000000  0.00000000
  0.00000000  0.00000000   -0.03432778 -0.04068949   -0.01284575  0.02085452
  0.00000000  0.00000000   -0.01284575  0.02085452    0.00007561  0.00301146
    2    2
  0.09192591  0.00000000    0.00000000  0.00000000    0.00000000  0.00000000
  0.00000000  0.00000000    0.09850544  0.00000000   -0.00420137  0.00067460
  0.00000000  0.00000000   -0.00420137 -0.00067460    0.07513428  0.00000000

     Dynamical  Matrix in cartesian axes

     q = (    0.000000000  -0.250000000   2.318828664 ) 

    1    1
  0.09192591  0.00000000    0.00000000  0.00000000    0.00000000  0.00000000
  0.00000000  0.00000000    0.09850544  0.00000000    0.00420137  0.00067460
  0.00000000  0.00000000    0.00420137 -0.00067460    0.07513428  0.00000000
    1    2
 -0.00693345  0.08371474    0.00000000  0.00000000    0.00000000  0.00000000
  0.00000000  0.00000000    0.03432778 -0.04068949   -0.01284575 -0.02085452
  0.00000000  0.00000000   -0.01284575 -0.02085452   -0.00007561  0.00301146
    2    1
 -0.00693345 -0.08371474    0.00000000  0.00000000    0.00000000  0.00000000
  0.00000000  0.00000000    0.03432778  0.04068949   -0.01284575  0.02085452
  0.00000000  0.00000000   -0.01284575  0.02085452   -0.00007561 -0.00301146
    2    2
  0.09192591  0.00000000    0.00000000  0.00000000    0.00000000  0.00000000
  0.00000000  0.00000000    0.09850544  0.00000000    0.00420137 -0.00067460
  0.00000000  0.00000000    0.00420137  0.00067460    0.07513428  0.00000000

     Dynamical  Matrix in cartesian axes

     q = (   -0.250000000   0.000000000   2.318828664 ) 

    1    1
  0.09850544  0.00000000    0.00000000  0.00000000    0.00420137 -0.00067460
  0.00000000  0.00000000    0.09192591  0.00000000    0.00000000  0.00000000
  0.00420137  0.00067460    0.00000000  0.00000000    0.07513428  0.00000000
    1    2
 -0.04068949  0.03432778    0.00000000  0.00000000   -0.02085452 -0.01284575
  0.00000000  0.00000000    0.08371474 -0.00693345    0.00000000  0.00000000
 -0.02085452 -0.01284575    0.00000000  0.00000000    0.00301146 -0.00007561
    2    1
 -0.04068949 -0.03432778    0.00000000  0.00000000   -0.02085452  0.01284575
  0.00000000  0.00000000    0.08371474  0.00693345    0.00000000  0.00000000
 -0.02085452  0.01284575    0.00000000  0.00000000    0.00301146  0.00007561
    2    2
  0.09850544  0.00000000    0.00000000  0.00000000    0.00420137  0.00067460
  0.00000000  0.00000000    0.09192591  0.00000000    0.00000000  0.00000000
  0.00420137 -0.00067460    0.00000000  0.00000000    0.07513428  0.00000000

     Dynamical  Matrix in cartesian axes

     q = (    0.250000000   0.000000000   2.318828664 ) 

    1    1
  0.09850544  0.00000000    0.00000000  0.00000000   -0.00420137  0.00067460
  0.00000000  0.00000000    0.09192591  0.00000000    0.00000000  0.00000000
 -0.00420137 -0.00067460    0.00000000  0.00000000    0.07513428  0.00000000
    1    2
 -0.03432778 -0.04068949    0.00000000  0.00000000   -0.01284575  0.02085452
  0.00000000  0.00000000    0.00693345  0.08371474    0.00000000  0.00000000
 -0.01284575  0.02085452    0.00000000  0.00000000    0.00007561  0.00301146
    2    1
 -0.03432778  0.04068949    0.00000000  0.00000000   -0.01284575 -0.02085452
  0.00000000  0.00000000    0.00693345 -0.08371474    0.00000000  0.00000000
 -0.01284575 -0.02085452    0.00000000  0.00000000    0.00007561 -0.00301146
    2    2
  0.09850544  0.00000000    0.00000000  0.00000000   -0.00420137 -0.00067460
  0.00000000  0.00000000    0.09192591  0.00000000    0.00000000  0.00000000
 -0.00420137  0.00067460    0.00000000  0.00000000    0.07513428  0.00000000

     Dynamical  Matrix in cartesian axes

     q = (    0.250000000   0.000000000  -2.318828664 ) 

    1    1
  0.09850544  0.00000000    0.00000000  0.00000000    0.00420137  0.00067460
  0.00000000  0.00000000    0.09192591  0.00000000    0.00000000  0.00000000
  0.00420137 -0.00067460    0.00000000  0.00000000    0.07513428  0.00000000
    1    2
 -0.04068949 -0.03432778    0.00000000  0.00000000   -0.02085452  0.01284575
  0.00000000  0.00000000    0.08371474  0.00693345    0.00000000  0.00000000
 -0.02085452  0.01284575    0.00000000  0.00000000    0.00301146  0.00007561
    2    1
 -0.04068949  0.03432778    0.00000000  0.00000000   -0.02085452 -0.01284575
  0.00000000  0.00000000    0.08371474 -0.00693345    0.00000000  0.00000000
 -0.02085452 -0.01284575    0.00000000  0.00000000    0.00301146 -0.00007561
    2    2
  0.09850544  0.00000000    0.00000000  0.00000000    0.00420137 -0.00067460
  0.00000000  0.00000000    0.09192591  0.00000000    0.00000000  0.00000000
  0.00420137  0.00067460    0.00000000  0.00000000    0.07513428  0.00000000

     Diagonalizing the dynamical matrix

     q = (    0.000000000   0.250000000  -2.318828664 ) 

 **************************************************************************
     freq (    1) =       0.890335 [THz] =      29.698376 [cm-1]
 (  0.013622  0.706976 -0.000000  0.000000 -0.000000 -0.000000 ) 
 (  0.705688  0.044778 -0.000000 -0.000000 -0.000000  0.000000 ) 
     freq (    2) =       1.796661 [THz] =      59.930164 [cm-1]
 ( -0.000000 -0.000000 -0.429265  0.438947 -0.248953 -0.247143 ) 
 ( -0.000000 -0.000000  0.004606 -0.613940 -0.350794  0.000000 ) 
     freq (    3) =       2.611091 [THz] =      87.096615 [cm-1]
 (  0.000000 -0.000000  0.006143 -0.241693 -0.650323 -0.136481 ) 
 ( -0.000000 -0.000000  0.043630 -0.237802  0.664490  0.000000 ) 
     freq (    4) =       2.944599 [THz] =      98.221264 [cm-1]
 (  0.000000  0.000000  0.147920 -0.296669 -0.624558 -0.005831 ) 
 (  0.000000 -0.000000  0.145144  0.298037 -0.624585  0.000000 ) 
     freq (    5) =       4.002762 [THz] =     133.517757 [cm-1]
 (  0.000000  0.000000 -0.292636  0.607515 -0.212807  0.001652 ) 
 ( -0.000000 -0.000000  0.297343  0.605225  0.212814  0.000000 ) 
     freq (    6) =       4.195009 [THz] =     139.930446 [cm-1]
 (  0.043611  0.705761  0.000000 -0.000000  0.000000 -0.000000 ) 
 ( -0.706952 -0.014791 -0.000000 -0.000000 -0.000000  0.000000 ) 
 **************************************************************************
