Dynamical matrix file
                                                                           
  1    2  0 11.0780329  0.0000000  0.0000000  0.0000000  0.0000000  0.0000000
Basis vectors
      1.000000000    0.000000000    0.000000000
      0.000000000    1.000000000    0.000000000
      0.500000000    0.500000000    0.269532635
           1  'Sn  '    108197.54598352207     
    1    1      1.0000000000      1.2500000000      0.2021494763
    2    1      0.5000000000      0.2500000000      0.0673831588

     Dynamical  Matrix in cartesian axes

     q = (    0.250000000  -0.500000000   1.855062931 ) 

    1    1
  0.09812181  0.00000000    0.00632584  0.00000000    0.00000000 -0.00015979
  0.00632584  0.00000000    0.10443171  0.00000000    0.00000000 -0.00050811
  0.00000000  0.00015979    0.00000000  0.00050811    0.02112192  0.00000000
    1    2
  0.04368527  0.04368527   -0.00010955 -0.00010955    0.00886094 -0.00886094
 -0.00010955 -0.00010955   -0.00100263 -0.00100263   -0.01310788  0.01310788
  0.00886094 -0.00886094   -0.01310788  0.01310788   -0.00007907 -0.00007907
    2    1
  0.04368527 -0.04368527   -0.00010955  0.00010955    0.00886094  0.00886094
 -0.00010955  0.00010955   -0.00100263  0.00100263   -0.01310788 -0.01310788
  0.00886094  0.00886094   -0.01310788 -0.01310788   -0.00007907  0.00007907
    2    2
  0.09812181  0.00000000    0.00632584  0.00000000    0.00000000  0.00015979
  0.00632584  0.00000000    0.10443171  0.00000000    0.00000000  0.00050811
  0.00000000 -0.00015979    0.00000000 -0.00050811    0.02112192  0.00000000

     Dynamical  Matrix in cartesian axes

     q = (   -0.250000000   0.500000000   1.855062931 ) 

    1    1
  0.09812181  0.00000000    0.00632584  0.00000000    0.00000000  0.00015979
  0.00632584  0.00000000    0.10443171  0.00000000    0.00000000  0.00050811
  0.00000000 -0.00015979    0.00000000 -0.00050811    0.02112192  0.00000000
    1    2
  0.04368527 -0.04368527   -0.00010955  0.00010955    0.00886094  0.00886094
 -0.00010955  0.00010955   -0.00100263  0.00100263   -0.01310788 -0.01310788
  0.00886094  0.00886094   -0.01310788 -0.01310788   -0.00007907  0.00007907
    2    1
  0.04368527  0.04368527   -0.00010955 -0.00010955    0.00886094 -0.00886094
 -0.00010955 -0.00010955   -0.00100263 -0.00100263   -0.01310788  0.01310788
  0.00886094 -0.00886094   -0.01310788  0.01310788   -0.00007907 -0.00007907
    2    2
  0.09812181  0.00000000    0.00632584  0.00000000    0.00000000 -0.00015979
  0.00632584  0.00000000    0.10443171  0.00000000    0.00000000 -0.00050811
  0.00000000  0.00015979    0.00000000  0.00050811    0.02112192  0.00000000

     Dynamical  Matrix in cartesian axes

     q = (    0.500000000  -0.250000000   1.855062931 ) 

    1    1
  0.10443171  0.00000000    0.00632584  0.00000000    0.00000000 -0.00050811
  0.00632584  0.00000000    0.09812181  0.00000000    0.00000000 -0.00015979
  0.00000000  0.00050811    0.00000000  0.00015979    0.02112192 -0.00000000
    1    2
 -0.00141793 -0.00000000   -0.00015493 -0.00000000   -0.00000000  0.01853735
 -0.00015493 -0.00000000    0.06178030  0.00000000    0.00000000 -0.01253127
 -0.00000000  0.01853735    0.00000000 -0.01253127   -0.00011182  0.00000000
    2    1
 -0.00141793  0.00000000   -0.00015493  0.00000000   -0.00000000 -0.01853735
 -0.00015493  0.00000000    0.06178030 -0.00000000    0.00000000  0.01253127
 -0.00000000 -0.01853735    0.00000000  0.01253127   -0.00011182  0.00000000
    2    2
  0.10443171  0.00000000    0.00632584  0.00000000    0.00000000  0.00050811
  0.00632584  0.00000000    0.09812181  0.00000000    0.00000000  0.00015979
  0.00000000 -0.00050811    0.00000000 -0.00015979    0.02112192  0.00000000

     Dynamical  Matrix in cartesian axes

     q = (   -0.250000000  -0.500000000  -1.855062931 ) 

    1    1
  0.09812181  0.00000000   -0.00632584  0.00000000    0.00000000  0.00015979
 -0.00632584  0.00000000    0.10443171  0.00000000    0.00000000 -0.00050811
  0.00000000 -0.00015979    0.00000000  0.00050811    0.02112192  0.00000000
    1    2
  0.04368527 -0.04368527    0.00010955 -0.00010955    0.00886094  0.00886094
  0.00010955 -0.00010955   -0.00100263  0.00100263    0.01310788  0.01310788
  0.00886094  0.00886094    0.01310788  0.01310788   -0.00007907  0.00007907
    2    1
  0.04368527  0.04368527    0.00010955  0.00010955    0.00886094 -0.00886094
  0.00010955  0.00010955   -0.00100263 -0.00100263    0.01310788 -0.01310788
  0.00886094 -0.00886094    0.01310788 -0.01310788   -0.00007907 -0.00007907
    2    2
  0.09812181  0.00000000   -0.00632584  0.00000000    0.00000000 -0.00015979
 -0.00632584  0.00000000    0.10443171  0.00000000    0.00000000  0.00050811
  0.00000000  0.00015979    0.00000000 -0.00050811    0.02112192  0.00000000

     Dynamical  Matrix in cartesian axes

     q = (    0.250000000   0.500000000  -1.855062931 ) 

    1    1
  0.09812181  0.00000000   -0.00632584  0.00000000    0.00000000 -0.00015979
 -0.00632584  0.00000000    0.10443171  0.00000000    0.00000000  0.00050811
  0.00000000  0.00015979    0.00000000 -0.00050811    0.02112192  0.00000000
    1    2
  0.04368527  0.04368527    0.00010955  0.00010955    0.00886094 -0.00886094
  0.00010955  0.00010955   -0.00100263 -0.00100263    0.01310788 -0.01310788
  0.00886094 -0.00886094    0.01310788 -0.01310788   -0.00007907 -0.00007907
    2    1
  0.04368527 -0.04368527    0.00010955 -0.00010955    0.00886094  0.00886094
  0.00010955 -0.00010955   -0.00100263  0.00100263    0.01310788  0.01310788
  0.00886094  0.00886094    0.01310788  0.01310788   -0.00007907  0.00007907
    2    2
  0.09812181  0.00000000   -0.00632584  0.00000000    0.00000000  0.00015979
 -0.00632584  0.00000000    0.10443171  0.00000000    0.00000000 -0.00050811
  0.00000000 -0.00015979    0.00000000  0.00050811    0.02112192  0.00000000

     Dynamical  Matrix in cartesian axes

     q = (    0.500000000   0.250000000  -1.855062931 ) 

    1    1
  0.10443171  0.00000000   -0.00632584  0.00000000    0.00000000 -0.00050811
 -0.00632584  0.00000000    0.09812181  0.00000000    0.00000000  0.00015979
  0.00000000  0.00050811    0.00000000 -0.00015979    0.02112192  0.00000000
    1    2
  0.00141793 -0.00000000   -0.00015493  0.00000000   -0.00000000 -0.01853735
 -0.00015493  0.00000000   -0.06178030  0.00000000   -0.00000000 -0.01253127
 -0.00000000 -0.01853735   -0.00000000 -0.01253127    0.00011182 -0.00000000
    2    1
  0.00141793  0.00000000   -0.00015493 -0.00000000   -0.00000000  0.01853735
 -0.00015493 -0.00000000   -0.06178030 -0.00000000   -0.00000000  0.01253127
 -0.00000000  0.01853735   -0.00000000  0.01253127    0.00011182 -0.00000000
    2    2
  0.10443171  0.00000000   -0.00632584  0.00000000    0.00000000  0.00050811
 -0.00632584  0.00000000    0.09812181  0.00000000    0.00000000 -0.00015979
  0.00000000 -0.00050811    0.00000000  0.00015979    0.02112192 -0.00000000

     Dynamical  Matrix in cartesian axes

     q = (   -0.500000000  -0.250000000  -1.855062931 ) 

    1    1
  0.10443171  0.00000000   -0.00632584  0.00000000    0.00000000  0.00050811
 -0.00632584  0.00000000    0.09812181  0.00000000    0.00000000 -0.00015979
  0.00000000 -0.00050811    0.00000000  0.00015979    0.02112192 -0.00000000
    1    2
  0.00141793 -0.00000000   -0.00015493  0.00000000    0.00000000  0.01853735
 -0.00015493  0.00000000   -0.06178030  0.00000000    0.00000000  0.01253127
  0.00000000  0.01853735    0.00000000  0.01253127    0.00011182 -0.00000000
    2    1
  0.00141793  0.00000000   -0.00015493 -0.00000000    0.00000000 -0.01853735
 -0.00015493 -0.00000000   -0.06178030 -0.00000000    0.00000000 -0.01253127
  0.00000000 -0.01853735    0.00000000 -0.01253127    0.00011182 -0.00000000
    2    2
  0.10443171  0.00000000   -0.00632584  0.00000000    0.00000000 -0.00050811
 -0.00632584  0.00000000    0.09812181  0.00000000    0.00000000  0.00015979
  0.00000000  0.00050811    0.00000000 -0.00015979    0.02112192  0.00000000

     Dynamical  Matrix in cartesian axes

     q = (   -0.500000000   0.250000000  -1.855062931 ) 

    1    1
  0.10443171  0.00000000    0.00632584  0.00000000    0.00000000  0.00050811
  0.00632584  0.00000000    0.09812181  0.00000000    0.00000000  0.00015979
  0.00000000 -0.00050811    0.00000000 -0.00015979    0.02112192  0.00000000
    1    2
 -0.00141793  0.00000000   -0.00015493  0.00000000   -0.00000000 -0.01853735
 -0.00015493  0.00000000    0.06178030 -0.00000000    0.00000000  0.01253127
 -0.00000000 -0.01853735    0.00000000  0.01253127   -0.00011182  0.00000000
    2    1
 -0.00141793 -0.00000000   -0.00015493 -0.00000000   -0.00000000  0.01853735
 -0.00015493 -0.00000000    0.06178030  0.00000000    0.00000000 -0.01253127
 -0.00000000  0.01853735    0.00000000 -0.01253127   -0.00011182  0.00000000
    2    2
  0.10443171  0.00000000    0.00632584  0.00000000    0.00000000 -0.00050811
  0.00632584  0.00000000    0.09812181  0.00000000    0.00000000 -0.00015979
  0.00000000  0.00050811    0.00000000  0.00015979    0.02112192 -0.00000000

     Diagonalizing the dynamical matrix

     q = (    0.250000000  -0.500000000   1.855062931 ) 

 **************************************************************************
     freq (    1) =       1.005701 [THz] =      33.546584 [cm-1]
 ( -0.232849  0.232849  0.097058 -0.097058  0.431696  0.431696 ) 
 ( -0.000000 -0.329298  0.000000  0.137261  0.610510  0.000000 ) 
     freq (    2) =       1.255842 [THz] =      41.890390 [cm-1]
 (  0.046368 -0.046368 -0.109304  0.109304  0.485698  0.485698 ) 
 ( -0.000000 -0.065575  0.000000  0.154579 -0.686881  0.000000 ) 
     freq (    3) =       2.082713 [THz] =      69.471823 [cm-1]
 (  0.441665 -0.441665  0.021532 -0.021532  0.233385  0.233385 ) 
 ( -0.000000  0.624608 -0.000000  0.030450  0.330056  0.000000 ) 
     freq (    4) =       3.272000 [THz] =     109.142179 [cm-1]
 (  0.030466 -0.030466 -0.486263  0.486263 -0.112340 -0.112340 ) 
 ( -0.000000 -0.043085  0.000000  0.687680  0.158872  0.000000 ) 
     freq (    5) =       3.313002 [THz] =     110.509857 [cm-1]
 (  0.026714 -0.026714  0.490016 -0.490016 -0.095762 -0.095762 ) 
 ( -0.000000  0.037779  0.000000  0.692988 -0.135427  0.000000 ) 
     freq (    6) =       4.017526 [THz] =     134.010256 [cm-1]
 ( -0.496912  0.496912 -0.040012  0.040012  0.038434  0.038434 ) 
 (  0.000000  0.702740  0.000000  0.056586 -0.054354  0.000000 ) 
 **************************************************************************
