Dynamical matrix file
                                                                           
  1    2  0 11.0780329  0.0000000  0.0000000  0.0000000  0.0000000  0.0000000
Basis vectors
      1.000000000    0.000000000    0.000000000
      0.000000000    1.000000000    0.000000000
      0.500000000    0.500000000    0.269532635
           1  'Sn  '    108197.54598352207     
    1    1      1.0000000000      1.2500000000      0.2021494763
    2    1      0.5000000000      0.2500000000      0.0673831588

     Dynamical  Matrix in cartesian axes

     q = (    0.000000000   0.125000000  -2.086945798 ) 

    1    1
  0.09327365  0.00000000    0.00000000  0.00000000    0.00000000  0.00000000
  0.00000000  0.00000000    0.10169788  0.00000000    0.00015202 -0.00044445
  0.00000000  0.00000000    0.00015202  0.00044445    0.03469246  0.00000000
    1    2
 -0.06561566 -0.05841901    0.00000000  0.00000000    0.00000000  0.00000000
  0.00000000  0.00000000    0.07191244  0.03453645   -0.00244410  0.00845936
  0.00000000  0.00000000   -0.00244410  0.00845936   -0.00021221 -0.00214771
    2    1
 -0.06561566  0.05841901    0.00000000  0.00000000    0.00000000  0.00000000
  0.00000000  0.00000000    0.07191244 -0.03453645   -0.00244410 -0.00845936
  0.00000000  0.00000000   -0.00244410 -0.00845936   -0.00021221  0.00214771
    2    2
  0.09327365  0.00000000    0.00000000  0.00000000    0.00000000  0.00000000
  0.00000000  0.00000000    0.10169788  0.00000000    0.00015202  0.00044445
  0.00000000  0.00000000    0.00015202 -0.00044445    0.03469246  0.00000000

     Dynamical  Matrix in cartesian axes

     q = (    0.000000000  -0.125000000  -2.086945798 ) 

    1    1
  0.09327365  0.00000000    0.00000000  0.00000000    0.00000000  0.00000000
  0.00000000  0.00000000    0.10169788  0.00000000   -0.00015202  0.00044445
  0.00000000  0.00000000   -0.00015202 -0.00044445    0.03469246  0.00000000
    1    2
 -0.05841901  0.06561566    0.00000000  0.00000000    0.00000000  0.00000000
  0.00000000  0.00000000    0.03453645 -0.07191244   -0.00845936 -0.00244410
  0.00000000  0.00000000   -0.00845936 -0.00244410   -0.00214771  0.00021221
    2    1
 -0.05841901 -0.06561566    0.00000000  0.00000000    0.00000000  0.00000000
  0.00000000  0.00000000    0.03453645  0.07191244   -0.00845936  0.00244410
  0.00000000  0.00000000   -0.00845936  0.00244410   -0.00214771 -0.00021221
    2    2
  0.09327365  0.00000000    0.00000000  0.00000000    0.00000000  0.00000000
  0.00000000  0.00000000    0.10169788  0.00000000   -0.00015202 -0.00044445
  0.00000000  0.00000000   -0.00015202  0.00044445    0.03469246  0.00000000

     Dynamical  Matrix in cartesian axes

     q = (   -0.125000000   0.000000000  -2.086945798 ) 

    1    1
  0.10169788  0.00000000    0.00000000  0.00000000   -0.00015202 -0.00044445
  0.00000000  0.00000000    0.09327365  0.00000000    0.00000000  0.00000000
 -0.00015202  0.00044445    0.00000000  0.00000000    0.03469246  0.00000000
    1    2
 -0.07191244  0.03453645    0.00000000  0.00000000   -0.00244410 -0.00845936
  0.00000000  0.00000000    0.06561566 -0.05841901    0.00000000  0.00000000
 -0.00244410 -0.00845936    0.00000000  0.00000000    0.00021221 -0.00214771
    2    1
 -0.07191244 -0.03453645    0.00000000  0.00000000   -0.00244410  0.00845936
  0.00000000  0.00000000    0.06561566  0.05841901    0.00000000  0.00000000
 -0.00244410  0.00845936    0.00000000  0.00000000    0.00021221  0.00214771
    2    2
  0.10169788  0.00000000    0.00000000  0.00000000   -0.00015202  0.00044445
  0.00000000  0.00000000    0.09327365  0.00000000    0.00000000  0.00000000
 -0.00015202 -0.00044445    0.00000000  0.00000000    0.03469246  0.00000000

     Dynamical  Matrix in cartesian axes

     q = (    0.000000000   0.125000000   2.086945798 ) 

    1    1
  0.09327365  0.00000000    0.00000000  0.00000000    0.00000000  0.00000000
  0.00000000  0.00000000    0.10169788  0.00000000   -0.00015202 -0.00044445
  0.00000000  0.00000000   -0.00015202  0.00044445    0.03469246  0.00000000
    1    2
 -0.05841901 -0.06561566    0.00000000  0.00000000    0.00000000  0.00000000
  0.00000000  0.00000000    0.03453645  0.07191244   -0.00845936  0.00244410
  0.00000000  0.00000000   -0.00845936  0.00244410   -0.00214771 -0.00021221
    2    1
 -0.05841901  0.06561566    0.00000000  0.00000000    0.00000000  0.00000000
  0.00000000  0.00000000    0.03453645 -0.07191244   -0.00845936 -0.00244410
  0.00000000  0.00000000   -0.00845936 -0.00244410   -0.00214771  0.00021221
    2    2
  0.09327365  0.00000000    0.00000000  0.00000000    0.00000000  0.00000000
  0.00000000  0.00000000    0.10169788  0.00000000   -0.00015202  0.00044445
  0.00000000  0.00000000   -0.00015202 -0.00044445    0.03469246  0.00000000

     Dynamical  Matrix in cartesian axes

     q = (    0.000000000  -0.125000000   2.086945798 ) 

    1    1
  0.09327365  0.00000000    0.00000000  0.00000000    0.00000000  0.00000000
  0.00000000  0.00000000    0.10169788  0.00000000    0.00015202  0.00044445
  0.00000000  0.00000000    0.00015202 -0.00044445    0.03469246  0.00000000
    1    2
 -0.06561566  0.05841901    0.00000000  0.00000000    0.00000000  0.00000000
  0.00000000  0.00000000    0.07191244 -0.03453645   -0.00244410 -0.00845936
  0.00000000  0.00000000   -0.00244410 -0.00845936   -0.00021221  0.00214771
    2    1
 -0.06561566 -0.05841901    0.00000000  0.00000000    0.00000000  0.00000000
  0.00000000  0.00000000    0.07191244  0.03453645   -0.00244410  0.00845936
  0.00000000  0.00000000   -0.00244410  0.00845936   -0.00021221 -0.00214771
    2    2
  0.09327365  0.00000000    0.00000000  0.00000000    0.00000000  0.00000000
  0.00000000  0.00000000    0.10169788  0.00000000    0.00015202 -0.00044445
  0.00000000  0.00000000    0.00015202  0.00044445    0.03469246  0.00000000

     Dynamical  Matrix in cartesian axes

     q = (   -0.125000000   0.000000000   2.086945798 ) 

    1    1
  0.10169788  0.00000000    0.00000000  0.00000000    0.00015202 -0.00044445
  0.00000000  0.00000000    0.09327365  0.00000000    0.00000000  0.00000000
  0.00015202  0.00044445    0.00000000  0.00000000    0.03469246  0.00000000
    1    2
 -0.07527074  0.02642882    0.00000000  0.00000000   -0.00425343 -0.00770990
  0.00000000  0.00000000    0.08770576 -0.00508880    0.00000000  0.00000000
 -0.00425343 -0.00770990    0.00000000  0.00000000    0.00166872  0.00136861
    2    1
 -0.07527074 -0.02642882    0.00000000  0.00000000   -0.00425343  0.00770990
  0.00000000  0.00000000    0.08770576  0.00508880    0.00000000  0.00000000
 -0.00425343  0.00770990    0.00000000  0.00000000    0.00166872 -0.00136861
    2    2
  0.10169788  0.00000000    0.00000000  0.00000000    0.00015202  0.00044445
  0.00000000  0.00000000    0.09327365  0.00000000    0.00000000  0.00000000
  0.00015202 -0.00044445    0.00000000  0.00000000    0.03469246  0.00000000

     Dynamical  Matrix in cartesian axes

     q = (    0.125000000   0.000000000   2.086945798 ) 

    1    1
  0.10169788  0.00000000    0.00000000  0.00000000   -0.00015202  0.00044445
  0.00000000  0.00000000    0.09327365  0.00000000    0.00000000  0.00000000
 -0.00015202 -0.00044445    0.00000000  0.00000000    0.03469246  0.00000000
    1    2
 -0.07191244 -0.03453645    0.00000000  0.00000000   -0.00244410  0.00845936
  0.00000000  0.00000000    0.06561566  0.05841901    0.00000000  0.00000000
 -0.00244410  0.00845936    0.00000000  0.00000000    0.00021221  0.00214771
    2    1
 -0.07191244  0.03453645    0.00000000  0.00000000   -0.00244410 -0.00845936
  0.00000000  0.00000000    0.06561566 -0.05841901    0.00000000  0.00000000
 -0.00244410 -0.00845936    0.00000000  0.00000000    0.00021221 -0.00214771
    2    2
  0.10169788  0.00000000    0.00000000  0.00000000   -0.00015202 -0.00044445
  0.00000000  0.00000000    0.09327365  0.00000000    0.00000000  0.00000000
 -0.00015202  0.00044445    0.00000000  0.00000000    0.03469246  0.00000000

     Dynamical  Matrix in cartesian axes

     q = (    0.125000000   0.000000000  -2.086945798 ) 

    1    1
  0.10169788  0.00000000    0.00000000  0.00000000    0.00015202  0.00044445
  0.00000000  0.00000000    0.09327365  0.00000000    0.00000000  0.00000000
  0.00015202 -0.00044445    0.00000000  0.00000000    0.03469246  0.00000000
    1    2
 -0.07527074 -0.02642882    0.00000000  0.00000000   -0.00425343  0.00770990
  0.00000000  0.00000000    0.08770576  0.00508880    0.00000000  0.00000000
 -0.00425343  0.00770990    0.00000000  0.00000000    0.00166872 -0.00136861
    2    1
 -0.07527074  0.02642882    0.00000000  0.00000000   -0.00425343 -0.00770990
  0.00000000  0.00000000    0.08770576 -0.00508880    0.00000000  0.00000000
 -0.00425343 -0.00770990    0.00000000  0.00000000    0.00166872  0.00136861
    2    2
  0.10169788  0.00000000    0.00000000  0.00000000    0.00015202 -0.00044445
  0.00000000  0.00000000    0.09327365  0.00000000    0.00000000  0.00000000
  0.00015202  0.00044445    0.00000000  0.00000000    0.03469246  0.00000000

     Diagonalizing the dynamical matrix

     q = (    0.000000000   0.125000000  -2.086945798 ) 

 **************************************************************************
     freq (    1) =       0.736345 [THz] =      24.561840 [cm-1]
 ( -0.491841 -0.508028 -0.000000  0.000000 -0.000000 -0.000000 ) 
 ( -0.705164 -0.052379 -0.000000 -0.000000 -0.000000  0.000000 ) 
     freq (    2) =       1.328702 [THz] =      44.320717 [cm-1]
 ( -0.000000 -0.000000  0.250277 -0.576351  0.301203  0.120239 ) 
 ( -0.000000 -0.000000  0.018761  0.628067  0.324315 -0.000000 ) 
     freq (    3) =       1.840931 [THz] =      61.406834 [cm-1]
 ( -0.000000  0.000000 -0.157746 -0.034708 -0.594165  0.347676 ) 
 (  0.000000  0.000000  0.118621 -0.109625  0.688412  0.000000 ) 
     freq (    4) =       1.980031 [THz] =      66.046734 [cm-1]
 ( -0.000000 -0.000000 -0.056134 -0.279148 -0.484072  0.429650 ) 
 ( -0.000000 -0.000000  0.143321  0.246036 -0.647244  0.000000 ) 
     freq (    5) =       4.256551 [THz] =     141.983253 [cm-1]
 (  0.539874  0.456657  0.000000 -0.000000  0.000000  0.000000 ) 
 ( -0.706879  0.017928 -0.000000 -0.000000 -0.000000  0.000000 ) 
     freq (    6) =       4.267482 [THz] =     142.347883 [cm-1]
 ( -0.000000 -0.000000  0.200008 -0.676767  0.044171  0.005638 ) 
 (  0.000000 -0.000000 -0.112706 -0.696645 -0.044529  0.000000 ) 
 **************************************************************************
